SIZE 1000 800 -50 40 50 -40
TITLE Test
GRAVITY 0 -9.8
LINE -45 -35 45 -35
LINE -45 35 -45 -35
LINE 45 -35 45 35
LINE 45 35 -45 35
#REPEAT 10 PARTICLE 1 1 1 2 -30 30 -30 30
PARTICLE 1 1.5121695235431836 -25.195439195642209 2.4651579457739814
PARTICLE 1 1.9901884573272333 24.498197992913987 -4.2069173185824624
PARTICLE 1 1.3840579763040433 -6.7283833016010739 26.511396765955716
PARTICLE 1 1.9089909273247012 -29.627506765570882 -27.903065143033178
PARTICLE 1 1.0235490566729151 19.00390790899656 5.9816648896566846
PARTICLE 1 1.7921763067305339 -19.223753897345972 8.9932852474611025
PARTICLE 1 1.6436846159074625 1.8616750928471184 -1.5559071142777299
PARTICLE 1 1.3575904817120379 0.71299621475755615 -24.820743677248004
PARTICLE 1 1.3627864260690379 15.763024844445667 -4.2503607710760498
PARTICLE 1 1.2979887583078118 -20.081525252591049 9.346441777646973
END
