SIZE 1000 800 -60 50 60 -50
TITLE Galton
GRAVITY 0 -9.8
REPEAT 100 PARTICLE 0.2 1 0.25 0.25 -25 25 32 40
LINE -30.0 40.0 -30.0 -40.0
LINE -30.0 -40.0 30.0 -40.0
LINE 30.0 -40.0 30.0 40.0
LINE 30.0 40.0 -30.0 40.0
LINE 2.0 23.674575805664062 30.0 31.647457122802734
LINE -30.0 31.647457122802734 -2.0 23.674575805664062
LINE -0.6928238272666931 20.400001525878906 0.0 20.800003051757812
LINE -0.6928237676620483 19.599998474121094 -0.6928238272666931 20.400001525878906
LINE 6.993857226689215e-08 19.199996948242188 -0.6928237676620483 19.599998474121094
LINE 0.6928238272666931 19.599998474121094 6.993857226689215e-08 19.199996948242188
LINE 0.6928238272666931 20.400001525878906 0.6928238272666931 19.599998474121094
LINE 0.0 20.800003051757812 0.6928238272666931 20.400001525878906
LINE 3.307176113128662 20.400001525878906 4.0 20.800003051757812
LINE 3.307176113128662 19.599998474121094 3.307176113128662 20.400001525878906
LINE 4.0 19.199996948242188 3.307176113128662 19.599998474121094
LINE 4.692823886871338 19.599998474121094 4.0 19.199996948242188
LINE 4.692823886871338 20.400001525878906 4.692823886871338 19.599998474121094
LINE 4.0 20.800003051757812 4.692823886871338 20.400001525878906
LINE 7.30717658996582 20.400001525878906 8.0 20.800003051757812
LINE 7.30717658996582 19.599998474121094 7.30717658996582 20.400001525878906
LINE 8.0 19.199996948242188 7.30717658996582 19.599998474121094
LINE 8.69282341003418 19.599998474121094 8.0 19.199996948242188
LINE 8.69282341003418 20.400001525878906 8.69282341003418 19.599998474121094
LINE 8.0 20.800003051757812 8.69282341003418 20.400001525878906
LINE 11.30717658996582 20.400001525878906 12.0 20.800003051757812
LINE 11.30717658996582 19.599998474121094 11.30717658996582 20.400001525878906
LINE 12.0 19.199996948242188 11.30717658996582 19.599998474121094
LINE 12.69282341003418 19.599998474121094 12.0 19.199996948242188
LINE 12.69282341003418 20.400001525878906 12.69282341003418 19.599998474121094
LINE 12.0 20.800003051757812 12.69282341003418 20.400001525878906
LINE 15.30717658996582 20.400001525878906 16.0 20.800003051757812
LINE 15.30717658996582 19.599998474121094 15.30717658996582 20.400001525878906
LINE 16.0 19.199996948242188 15.30717658996582 19.599998474121094
LINE 16.69282341003418 19.599998474121094 16.0 19.199996948242188
LINE 16.69282341003418 20.400001525878906 16.69282341003418 19.599998474121094
LINE 16.0 20.800003051757812 16.69282341003418 20.400001525878906
LINE 19.30717658996582 20.400001525878906 20.0 20.800003051757812
LINE 19.30717658996582 19.599998474121094 19.30717658996582 20.400001525878906
LINE 20.0 19.199996948242188 19.30717658996582 19.599998474121094
LINE 20.69282341003418 19.599998474121094 20.0 19.199996948242188
LINE 20.69282341003418 20.400001525878906 20.69282341003418 19.599998474121094
LINE 20.0 20.800003051757812 20.69282341003418 20.400001525878906
LINE 23.307174682617188 20.400001525878906 24.0 20.800003051757812
LINE 23.307174682617188 19.599998474121094 23.307174682617188 20.400001525878906
LINE 24.0 19.199996948242188 23.307174682617188 19.599998474121094
LINE 24.69282341003418 19.599998474121094 24.0 19.199996948242188
LINE 24.69282341003418 20.400001525878906 24.69282341003418 19.599998474121094
LINE 24.0 20.800003051757812 24.69282341003418 20.400001525878906
LINE 27.30717658996582 20.400001525878906 28.000001907348633 20.800003051757812
LINE 27.30717658996582 19.599998474121094 27.30717658996582 20.400001525878906
LINE 28.000001907348633 19.199996948242188 27.30717658996582 19.599998474121094
LINE 28.692825317382812 19.599998474121094 28.000001907348633 19.199996948242188
LINE 28.692825317382812 20.400001525878906 28.692825317382812 19.599998474121094
LINE 28.000001907348633 20.800003051757812 28.692825317382812 20.400001525878906
LINE -28.692825317382812 20.400001525878906 -28.0 20.800003051757812
LINE -28.692825317382812 19.599998474121094 -28.692825317382812 20.400001525878906
LINE -28.0 19.199996948242188 -28.692825317382812 19.599998474121094
LINE -27.30717658996582 19.599998474121094 -28.0 19.199996948242188
LINE -27.30717658996582 20.400001525878906 -27.30717658996582 19.599998474121094
LINE -28.0 20.800003051757812 -27.30717658996582 20.400001525878906
LINE -24.69282341003418 20.400001525878906 -24.0 20.800003051757812
LINE -24.69282341003418 19.599998474121094 -24.69282341003418 20.400001525878906
LINE -24.0 19.199996948242188 -24.69282341003418 19.599998474121094
LINE -23.307174682617188 19.599998474121094 -24.0 19.199996948242188
LINE -23.307174682617188 20.400001525878906 -23.307174682617188 19.599998474121094
LINE -24.0 20.800003051757812 -23.307174682617188 20.400001525878906
LINE -20.692825317382812 20.400001525878906 -20.0 20.800003051757812
LINE -20.692825317382812 19.599998474121094 -20.692825317382812 20.400001525878906
LINE -20.0 19.199996948242188 -20.692825317382812 19.599998474121094
LINE -19.30717658996582 19.599998474121094 -20.0 19.199996948242188
LINE -19.30717658996582 20.400001525878906 -19.30717658996582 19.599998474121094
LINE -20.0 20.800003051757812 -19.30717658996582 20.400001525878906
LINE -16.692825317382812 20.400001525878906 -16.0 20.800003051757812
LINE -16.692825317382812 19.599998474121094 -16.692825317382812 20.400001525878906
LINE -16.0 19.199996948242188 -16.692825317382812 19.599998474121094
LINE -15.307177543640137 19.599998474121094 -16.0 19.199996948242188
LINE -15.307177543640137 20.400001525878906 -15.307177543640137 19.599998474121094
LINE -16.0 20.800003051757812 -15.307177543640137 20.400001525878906
LINE -12.692824363708496 20.400001525878906 -12.0 20.800003051757812
LINE -12.692824363708496 19.599998474121094 -12.692824363708496 20.400001525878906
LINE -12.0 19.199996948242188 -12.692824363708496 19.599998474121094
LINE -11.307177543640137 19.599998474121094 -12.0 19.199996948242188
LINE -11.307177543640137 20.400001525878906 -11.307177543640137 19.599998474121094
LINE -12.0 20.800003051757812 -11.307177543640137 20.400001525878906
LINE -8.692825317382812 20.400001525878906 -7.999999523162842 20.800003051757812
LINE -8.692825317382812 19.599998474121094 -8.692825317382812 20.400001525878906
LINE -7.999999523162842 19.199996948242188 -8.692825317382812 19.599998474121094
LINE -7.30717658996582 19.599998474121094 -7.999999523162842 19.199996948242188
LINE -7.30717658996582 20.400001525878906 -7.30717658996582 19.599998474121094
LINE -7.999999523162842 20.800003051757812 -7.30717658996582 20.400001525878906
LINE -4.692823886871338 20.400001525878906 -3.9999985694885254 20.800003051757812
LINE -4.692823886871338 19.599998474121094 -4.692823886871338 20.400001525878906
LINE -3.9999985694885254 19.199996948242188 -4.692823886871338 19.599998474121094
LINE -3.307175636291504 19.599998474121094 -3.9999985694885254 19.199996948242188
LINE -3.307175636291504 20.400001525878906 -3.307175636291504 19.599998474121094
LINE -3.9999985694885254 20.800003051757812 -3.307175636291504 20.400001525878906
LINE 1.3071762323379517 18.400001525878906 2.0 18.800003051757812
LINE 1.3071763515472412 17.599998474121094 1.3071762323379517 18.400001525878906
LINE 2.0 17.199995040893555 1.3071763515472412 17.599998474121094
LINE 2.692823886871338 17.599998474121094 2.0 17.199995040893555
LINE 2.692823886871338 18.400001525878906 2.692823886871338 17.599998474121094
LINE 2.0 18.800003051757812 2.692823886871338 18.400001525878906
LINE 5.307176113128662 18.400001525878906 6.0 18.800003051757812
LINE 5.307176113128662 17.599998474121094 5.307176113128662 18.400001525878906
LINE 6.0 17.199995040893555 5.307176113128662 17.599998474121094
LINE 6.692823886871338 17.599998474121094 6.0 17.199995040893555
LINE 6.692823886871338 18.400001525878906 6.692823886871338 17.599998474121094
LINE 6.0 18.800003051757812 6.692823886871338 18.400001525878906
LINE 9.30717658996582 18.400001525878906 10.0 18.800003051757812
LINE 9.30717658996582 17.599998474121094 9.30717658996582 18.400001525878906
LINE 10.0 17.199995040893555 9.30717658996582 17.599998474121094
LINE 10.692824363708496 17.599998474121094 10.0 17.199995040893555
LINE 10.692824363708496 18.400001525878906 10.692824363708496 17.599998474121094
LINE 10.0 18.800003051757812 10.692824363708496 18.400001525878906
LINE 13.30717658996582 18.400001525878906 14.000000953674316 18.800003051757812
LINE 13.30717658996582 17.599998474121094 13.30717658996582 18.400001525878906
LINE 14.000000953674316 17.199995040893555 13.30717658996582 17.599998474121094
LINE 14.69282341003418 17.599998474121094 14.000000953674316 17.199995040893555
LINE 14.69282341003418 18.400001525878906 14.69282341003418 17.599998474121094
LINE 14.000000953674316 18.800003051757812 14.69282341003418 18.400001525878906
LINE 17.30717658996582 18.400001525878906 18.0 18.800003051757812
LINE 17.30717658996582 17.599998474121094 17.30717658996582 18.400001525878906
LINE 18.0 17.199995040893555 17.30717658996582 17.599998474121094
LINE 18.69282341003418 17.599998474121094 18.0 17.199995040893555
LINE 18.69282341003418 18.400001525878906 18.69282341003418 17.599998474121094
LINE 18.0 18.800003051757812 18.69282341003418 18.400001525878906
LINE 21.307174682617188 18.400001525878906 22.0 18.800003051757812
LINE 21.307174682617188 17.599998474121094 21.307174682617188 18.400001525878906
LINE 22.0 17.199995040893555 21.307174682617188 17.599998474121094
LINE 22.69282341003418 17.599998474121094 22.0 17.199995040893555
LINE 22.69282341003418 18.400001525878906 22.69282341003418 17.599998474121094
LINE 22.0 18.800003051757812 22.69282341003418 18.400001525878906
LINE 25.30717658996582 18.400001525878906 26.000001907348633 18.800003051757812
LINE 25.30717658996582 17.599998474121094 25.30717658996582 18.400001525878906
LINE 26.000001907348633 17.199995040893555 25.30717658996582 17.599998474121094
LINE 26.692825317382812 17.599998474121094 26.000001907348633 17.199995040893555
LINE 26.692825317382812 18.400001525878906 26.692825317382812 17.599998474121094
LINE 26.000001907348633 18.800003051757812 26.692825317382812 18.400001525878906
LINE -26.692825317382812 18.400001525878906 -26.0 18.800003051757812
LINE -26.692825317382812 17.599998474121094 -26.692825317382812 18.400001525878906
LINE -26.0 17.199995040893555 -26.692825317382812 17.599998474121094
LINE -25.30717658996582 17.599998474121094 -26.0 17.199995040893555
LINE -25.30717658996582 18.400001525878906 -25.30717658996582 17.599998474121094
LINE -26.0 18.800003051757812 -25.30717658996582 18.400001525878906
LINE -22.69282341003418 18.400001525878906 -22.0 18.800003051757812
LINE -22.69282341003418 17.599998474121094 -22.69282341003418 18.400001525878906
LINE -22.0 17.199995040893555 -22.69282341003418 17.599998474121094
LINE -21.307174682617188 17.599998474121094 -22.0 17.199995040893555
LINE -21.307174682617188 18.400001525878906 -21.307174682617188 17.599998474121094
LINE -22.0 18.800003051757812 -21.307174682617188 18.400001525878906
LINE -18.692825317382812 18.400001525878906 -18.0 18.800003051757812
LINE -18.692825317382812 17.599998474121094 -18.692825317382812 18.400001525878906
LINE -18.0 17.199995040893555 -18.692825317382812 17.599998474121094
LINE -17.30717658996582 17.599998474121094 -18.0 17.199995040893555
LINE -17.30717658996582 18.400001525878906 -17.30717658996582 17.599998474121094
LINE -18.0 18.800003051757812 -17.30717658996582 18.400001525878906
LINE -14.69282341003418 18.400001525878906 -14.0 18.800003051757812
LINE -14.69282341003418 17.599998474121094 -14.69282341003418 18.400001525878906
LINE -14.0 17.199995040893555 -14.69282341003418 17.599998474121094
LINE -13.30717658996582 17.599998474121094 -14.0 17.199995040893555
LINE -13.30717658996582 18.400001525878906 -13.30717658996582 17.599998474121094
LINE -14.0 18.800003051757812 -13.30717658996582 18.400001525878906
LINE -10.692824363708496 18.400001525878906 -10.0 18.800003051757812
LINE -10.692824363708496 17.599998474121094 -10.692824363708496 18.400001525878906
LINE -10.0 17.199995040893555 -10.692824363708496 17.599998474121094
LINE -9.307177543640137 17.599998474121094 -10.0 17.199995040893555
LINE -9.307177543640137 18.400001525878906 -9.307177543640137 17.599998474121094
LINE -10.0 18.800003051757812 -9.307177543640137 18.400001525878906
LINE -6.692824840545654 18.400001525878906 -5.999999523162842 18.800003051757812
LINE -6.692824840545654 17.599998474121094 -6.692824840545654 18.400001525878906
LINE -5.999999523162842 17.199995040893555 -6.692824840545654 17.599998474121094
LINE -5.30717658996582 17.599998474121094 -5.999999523162842 17.199995040893555
LINE -5.30717658996582 18.400001525878906 -5.30717658996582 17.599998474121094
LINE -5.999999523162842 18.800003051757812 -5.30717658996582 18.400001525878906
LINE -2.692823886871338 18.400001525878906 -1.9999985694885254 18.800003051757812
LINE -2.692823886871338 17.599998474121094 -2.692823886871338 18.400001525878906
LINE -1.9999985694885254 17.199995040893555 -2.692823886871338 17.599998474121094
LINE -1.307175636291504 17.599998474121094 -1.9999985694885254 17.199995040893555
LINE -1.307175636291504 18.400001525878906 -1.307175636291504 17.599998474121094
LINE -1.9999985694885254 18.800003051757812 -1.307175636291504 18.400001525878906
LINE -0.6928238272666931 16.400001525878906 0.0 16.800004959106445
LINE -0.6928237676620483 15.599998474121094 -0.6928238272666931 16.400001525878906
LINE 6.993857226689215e-08 15.199995994567871 -0.6928237676620483 15.599998474121094
LINE 0.6928238272666931 15.599998474121094 6.993857226689215e-08 15.199995994567871
LINE 0.6928238272666931 16.400001525878906 0.6928238272666931 15.599998474121094
LINE 0.0 16.800004959106445 0.6928238272666931 16.400001525878906
LINE 3.307176113128662 16.400001525878906 4.0 16.800004959106445
LINE 3.307176113128662 15.599998474121094 3.307176113128662 16.400001525878906
LINE 4.0 15.199995994567871 3.307176113128662 15.599998474121094
LINE 4.692823886871338 15.599998474121094 4.0 15.199995994567871
LINE 4.692823886871338 16.400001525878906 4.692823886871338 15.599998474121094
LINE 4.0 16.800004959106445 4.692823886871338 16.400001525878906
LINE 7.30717658996582 16.400001525878906 8.0 16.800004959106445
LINE 7.30717658996582 15.599998474121094 7.30717658996582 16.400001525878906
LINE 8.0 15.199995994567871 7.30717658996582 15.599998474121094
LINE 8.69282341003418 15.599998474121094 8.0 15.199995994567871
LINE 8.69282341003418 16.400001525878906 8.69282341003418 15.599998474121094
LINE 8.0 16.800004959106445 8.69282341003418 16.400001525878906
LINE 11.30717658996582 16.400001525878906 12.0 16.800004959106445
LINE 11.30717658996582 15.599998474121094 11.30717658996582 16.400001525878906
LINE 12.0 15.199995994567871 11.30717658996582 15.599998474121094
LINE 12.69282341003418 15.599998474121094 12.0 15.199995994567871
LINE 12.69282341003418 16.400001525878906 12.69282341003418 15.599998474121094
LINE 12.0 16.800004959106445 12.69282341003418 16.400001525878906
LINE 15.30717658996582 16.400001525878906 16.0 16.800004959106445
LINE 15.30717658996582 15.599998474121094 15.30717658996582 16.400001525878906
LINE 16.0 15.199995994567871 15.30717658996582 15.599998474121094
LINE 16.69282341003418 15.599998474121094 16.0 15.199995994567871
LINE 16.69282341003418 16.400001525878906 16.69282341003418 15.599998474121094
LINE 16.0 16.800004959106445 16.69282341003418 16.400001525878906
LINE 19.30717658996582 16.400001525878906 20.0 16.800004959106445
LINE 19.30717658996582 15.599998474121094 19.30717658996582 16.400001525878906
LINE 20.0 15.199995994567871 19.30717658996582 15.599998474121094
LINE 20.69282341003418 15.599998474121094 20.0 15.199995994567871
LINE 20.69282341003418 16.400001525878906 20.69282341003418 15.599998474121094
LINE 20.0 16.800004959106445 20.69282341003418 16.400001525878906
LINE 23.307174682617188 16.400001525878906 24.0 16.800004959106445
LINE 23.307174682617188 15.599998474121094 23.307174682617188 16.400001525878906
LINE 24.0 15.199995994567871 23.307174682617188 15.599998474121094
LINE 24.69282341003418 15.599998474121094 24.0 15.199995994567871
LINE 24.69282341003418 16.400001525878906 24.69282341003418 15.599998474121094
LINE 24.0 16.800004959106445 24.69282341003418 16.400001525878906
LINE 27.30717658996582 16.400001525878906 28.000001907348633 16.800004959106445
LINE 27.30717658996582 15.599998474121094 27.30717658996582 16.400001525878906
LINE 28.000001907348633 15.199995994567871 27.30717658996582 15.599998474121094
LINE 28.692825317382812 15.599998474121094 28.000001907348633 15.199995994567871
LINE 28.692825317382812 16.400001525878906 28.692825317382812 15.599998474121094
LINE 28.000001907348633 16.800004959106445 28.692825317382812 16.400001525878906
LINE -28.692825317382812 16.400001525878906 -28.0 16.800004959106445
LINE -28.692825317382812 15.599998474121094 -28.692825317382812 16.400001525878906
LINE -28.0 15.199995994567871 -28.692825317382812 15.599998474121094
LINE -27.30717658996582 15.599998474121094 -28.0 15.199995994567871
LINE -27.30717658996582 16.400001525878906 -27.30717658996582 15.599998474121094
LINE -28.0 16.800004959106445 -27.30717658996582 16.400001525878906
LINE -24.69282341003418 16.400001525878906 -24.0 16.800004959106445
LINE -24.69282341003418 15.599998474121094 -24.69282341003418 16.400001525878906
LINE -24.0 15.199995994567871 -24.69282341003418 15.599998474121094
LINE -23.307174682617188 15.599998474121094 -24.0 15.199995994567871
LINE -23.307174682617188 16.400001525878906 -23.307174682617188 15.599998474121094
LINE -24.0 16.800004959106445 -23.307174682617188 16.400001525878906
LINE -20.692825317382812 16.400001525878906 -20.0 16.800004959106445
LINE -20.692825317382812 15.599998474121094 -20.692825317382812 16.400001525878906
LINE -20.0 15.199995994567871 -20.692825317382812 15.599998474121094
LINE -19.30717658996582 15.599998474121094 -20.0 15.199995994567871
LINE -19.30717658996582 16.400001525878906 -19.30717658996582 15.599998474121094
LINE -20.0 16.800004959106445 -19.30717658996582 16.400001525878906
LINE -16.692825317382812 16.400001525878906 -16.0 16.800004959106445
LINE -16.692825317382812 15.599998474121094 -16.692825317382812 16.400001525878906
LINE -16.0 15.199995994567871 -16.692825317382812 15.599998474121094
LINE -15.307177543640137 15.599998474121094 -16.0 15.199995994567871
LINE -15.307177543640137 16.400001525878906 -15.307177543640137 15.599998474121094
LINE -16.0 16.800004959106445 -15.307177543640137 16.400001525878906
LINE -12.692824363708496 16.400001525878906 -12.0 16.800004959106445
LINE -12.692824363708496 15.599998474121094 -12.692824363708496 16.400001525878906
LINE -12.0 15.199995994567871 -12.692824363708496 15.599998474121094
LINE -11.307177543640137 15.599998474121094 -12.0 15.199995994567871
LINE -11.307177543640137 16.400001525878906 -11.307177543640137 15.599998474121094
LINE -12.0 16.800004959106445 -11.307177543640137 16.400001525878906
LINE -8.692825317382812 16.400001525878906 -7.999999523162842 16.800004959106445
LINE -8.692825317382812 15.599998474121094 -8.692825317382812 16.400001525878906
LINE -7.999999523162842 15.199995994567871 -8.692825317382812 15.599998474121094
LINE -7.30717658996582 15.599998474121094 -7.999999523162842 15.199995994567871
LINE -7.30717658996582 16.400001525878906 -7.30717658996582 15.599998474121094
LINE -7.999999523162842 16.800004959106445 -7.30717658996582 16.400001525878906
LINE -4.692823886871338 16.400001525878906 -3.9999985694885254 16.800004959106445
LINE -4.692823886871338 15.599998474121094 -4.692823886871338 16.400001525878906
LINE -3.9999985694885254 15.199995994567871 -4.692823886871338 15.599998474121094
LINE -3.307175636291504 15.599998474121094 -3.9999985694885254 15.199995994567871
LINE -3.307175636291504 16.400001525878906 -3.307175636291504 15.599998474121094
LINE -3.9999985694885254 16.800004959106445 -3.307175636291504 16.400001525878906
LINE 1.3071762323379517 14.400001525878906 2.0 14.800004005432129
LINE 1.3071763515472412 13.599997520446777 1.3071762323379517 14.400001525878906
LINE 2.0 13.199995994567871 1.3071763515472412 13.599997520446777
LINE 2.692823886871338 13.599997520446777 2.0 13.199995994567871
LINE 2.692823886871338 14.400001525878906 2.692823886871338 13.599997520446777
LINE 2.0 14.800004005432129 2.692823886871338 14.400001525878906
LINE 5.307176113128662 14.400001525878906 6.0 14.800004005432129
LINE 5.307176113128662 13.599997520446777 5.307176113128662 14.400001525878906
LINE 6.0 13.199995994567871 5.307176113128662 13.599997520446777
LINE 6.692823886871338 13.599997520446777 6.0 13.199995994567871
LINE 6.692823886871338 14.400001525878906 6.692823886871338 13.599997520446777
LINE 6.0 14.800004005432129 6.692823886871338 14.400001525878906
LINE 9.30717658996582 14.400001525878906 10.0 14.800004005432129
LINE 9.30717658996582 13.599997520446777 9.30717658996582 14.400001525878906
LINE 10.0 13.199995994567871 9.30717658996582 13.599997520446777
LINE 10.692824363708496 13.599997520446777 10.0 13.199995994567871
LINE 10.692824363708496 14.400001525878906 10.692824363708496 13.599997520446777
LINE 10.0 14.800004005432129 10.692824363708496 14.400001525878906
LINE 13.30717658996582 14.400001525878906 14.000000953674316 14.800004005432129
LINE 13.30717658996582 13.599997520446777 13.30717658996582 14.400001525878906
LINE 14.000000953674316 13.199995994567871 13.30717658996582 13.599997520446777
LINE 14.69282341003418 13.599997520446777 14.000000953674316 13.199995994567871
LINE 14.69282341003418 14.400001525878906 14.69282341003418 13.599997520446777
LINE 14.000000953674316 14.800004005432129 14.69282341003418 14.400001525878906
LINE 17.30717658996582 14.400001525878906 18.0 14.800004005432129
LINE 17.30717658996582 13.599997520446777 17.30717658996582 14.400001525878906
LINE 18.0 13.199995994567871 17.30717658996582 13.599997520446777
LINE 18.69282341003418 13.599997520446777 18.0 13.199995994567871
LINE 18.69282341003418 14.400001525878906 18.69282341003418 13.599997520446777
LINE 18.0 14.800004005432129 18.69282341003418 14.400001525878906
LINE 21.307174682617188 14.400001525878906 22.0 14.800004005432129
LINE 21.307174682617188 13.599997520446777 21.307174682617188 14.400001525878906
LINE 22.0 13.199995994567871 21.307174682617188 13.599997520446777
LINE 22.69282341003418 13.599997520446777 22.0 13.199995994567871
LINE 22.69282341003418 14.400001525878906 22.69282341003418 13.599997520446777
LINE 22.0 14.800004005432129 22.69282341003418 14.400001525878906
LINE 25.30717658996582 14.400001525878906 26.000001907348633 14.800004005432129
LINE 25.30717658996582 13.599997520446777 25.30717658996582 14.400001525878906
LINE 26.000001907348633 13.199995994567871 25.30717658996582 13.599997520446777
LINE 26.692825317382812 13.599997520446777 26.000001907348633 13.199995994567871
LINE 26.692825317382812 14.400001525878906 26.692825317382812 13.599997520446777
LINE 26.000001907348633 14.800004005432129 26.692825317382812 14.400001525878906
LINE -26.692825317382812 14.400001525878906 -26.0 14.800004005432129
LINE -26.692825317382812 13.599997520446777 -26.692825317382812 14.400001525878906
LINE -26.0 13.199995994567871 -26.692825317382812 13.599997520446777
LINE -25.30717658996582 13.599997520446777 -26.0 13.199995994567871
LINE -25.30717658996582 14.400001525878906 -25.30717658996582 13.599997520446777
LINE -26.0 14.800004005432129 -25.30717658996582 14.400001525878906
LINE -22.69282341003418 14.400001525878906 -22.0 14.800004005432129
LINE -22.69282341003418 13.599997520446777 -22.69282341003418 14.400001525878906
LINE -22.0 13.199995994567871 -22.69282341003418 13.599997520446777
LINE -21.307174682617188 13.599997520446777 -22.0 13.199995994567871
LINE -21.307174682617188 14.400001525878906 -21.307174682617188 13.599997520446777
LINE -22.0 14.800004005432129 -21.307174682617188 14.400001525878906
LINE -18.692825317382812 14.400001525878906 -18.0 14.800004005432129
LINE -18.692825317382812 13.599997520446777 -18.692825317382812 14.400001525878906
LINE -18.0 13.199995994567871 -18.692825317382812 13.599997520446777
LINE -17.30717658996582 13.599997520446777 -18.0 13.199995994567871
LINE -17.30717658996582 14.400001525878906 -17.30717658996582 13.599997520446777
LINE -18.0 14.800004005432129 -17.30717658996582 14.400001525878906
LINE -14.69282341003418 14.400001525878906 -14.0 14.800004005432129
LINE -14.69282341003418 13.599997520446777 -14.69282341003418 14.400001525878906
LINE -14.0 13.199995994567871 -14.69282341003418 13.599997520446777
LINE -13.30717658996582 13.599997520446777 -14.0 13.199995994567871
LINE -13.30717658996582 14.400001525878906 -13.30717658996582 13.599997520446777
LINE -14.0 14.800004005432129 -13.30717658996582 14.400001525878906
LINE -10.692824363708496 14.400001525878906 -10.0 14.800004005432129
LINE -10.692824363708496 13.599997520446777 -10.692824363708496 14.400001525878906
LINE -10.0 13.199995994567871 -10.692824363708496 13.599997520446777
LINE -9.307177543640137 13.599997520446777 -10.0 13.199995994567871
LINE -9.307177543640137 14.400001525878906 -9.307177543640137 13.599997520446777
LINE -10.0 14.800004005432129 -9.307177543640137 14.400001525878906
LINE -6.692824840545654 14.400001525878906 -5.999999523162842 14.800004005432129
LINE -6.692824840545654 13.599997520446777 -6.692824840545654 14.400001525878906
LINE -5.999999523162842 13.199995994567871 -6.692824840545654 13.599997520446777
LINE -5.30717658996582 13.599997520446777 -5.999999523162842 13.199995994567871
LINE -5.30717658996582 14.400001525878906 -5.30717658996582 13.599997520446777
LINE -5.999999523162842 14.800004005432129 -5.30717658996582 14.400001525878906
LINE -2.692823886871338 14.400001525878906 -1.9999985694885254 14.800004005432129
LINE -2.692823886871338 13.599997520446777 -2.692823886871338 14.400001525878906
LINE -1.9999985694885254 13.199995994567871 -2.692823886871338 13.599997520446777
LINE -1.307175636291504 13.599997520446777 -1.9999985694885254 13.199995994567871
LINE -1.307175636291504 14.400001525878906 -1.307175636291504 13.599997520446777
LINE -1.9999985694885254 14.800004005432129 -1.307175636291504 14.400001525878906
LINE -0.6928238272666931 12.400002479553223 0.0 12.800004959106445
LINE -0.6928237676620483 11.599998474121094 -0.6928238272666931 12.400002479553223
LINE 6.993857226689215e-08 11.199996948242188 -0.6928237676620483 11.599998474121094
LINE 0.6928238272666931 11.599998474121094 6.993857226689215e-08 11.199996948242188
LINE 0.6928238272666931 12.400002479553223 0.6928238272666931 11.599998474121094
LINE 0.0 12.800004959106445 0.6928238272666931 12.400002479553223
LINE 3.307176113128662 12.400002479553223 4.0 12.800004959106445
LINE 3.307176113128662 11.599998474121094 3.307176113128662 12.400002479553223
LINE 4.0 11.199996948242188 3.307176113128662 11.599998474121094
LINE 4.692823886871338 11.599998474121094 4.0 11.199996948242188
LINE 4.692823886871338 12.400002479553223 4.692823886871338 11.599998474121094
LINE 4.0 12.800004959106445 4.692823886871338 12.400002479553223
LINE 7.30717658996582 12.400002479553223 8.0 12.800004959106445
LINE 7.30717658996582 11.599998474121094 7.30717658996582 12.400002479553223
LINE 8.0 11.199996948242188 7.30717658996582 11.599998474121094
LINE 8.69282341003418 11.599998474121094 8.0 11.199996948242188
LINE 8.69282341003418 12.400002479553223 8.69282341003418 11.599998474121094
LINE 8.0 12.800004959106445 8.69282341003418 12.400002479553223
LINE 11.30717658996582 12.400002479553223 12.0 12.800004959106445
LINE 11.30717658996582 11.599998474121094 11.30717658996582 12.400002479553223
LINE 12.0 11.199996948242188 11.30717658996582 11.599998474121094
LINE 12.69282341003418 11.599998474121094 12.0 11.199996948242188
LINE 12.69282341003418 12.400002479553223 12.69282341003418 11.599998474121094
LINE 12.0 12.800004959106445 12.69282341003418 12.400002479553223
LINE 15.30717658996582 12.400002479553223 16.0 12.800004959106445
LINE 15.30717658996582 11.599998474121094 15.30717658996582 12.400002479553223
LINE 16.0 11.199996948242188 15.30717658996582 11.599998474121094
LINE 16.69282341003418 11.599998474121094 16.0 11.199996948242188
LINE 16.69282341003418 12.400002479553223 16.69282341003418 11.599998474121094
LINE 16.0 12.800004959106445 16.69282341003418 12.400002479553223
LINE 19.30717658996582 12.400002479553223 20.0 12.800004959106445
LINE 19.30717658996582 11.599998474121094 19.30717658996582 12.400002479553223
LINE 20.0 11.199996948242188 19.30717658996582 11.599998474121094
LINE 20.69282341003418 11.599998474121094 20.0 11.199996948242188
LINE 20.69282341003418 12.400002479553223 20.69282341003418 11.599998474121094
LINE 20.0 12.800004959106445 20.69282341003418 12.400002479553223
LINE 23.307174682617188 12.400002479553223 24.0 12.800004959106445
LINE 23.307174682617188 11.599998474121094 23.307174682617188 12.400002479553223
LINE 24.0 11.199996948242188 23.307174682617188 11.599998474121094
LINE 24.69282341003418 11.599998474121094 24.0 11.199996948242188
LINE 24.69282341003418 12.400002479553223 24.69282341003418 11.599998474121094
LINE 24.0 12.800004959106445 24.69282341003418 12.400002479553223
LINE 27.30717658996582 12.400002479553223 28.000001907348633 12.800004959106445
LINE 27.30717658996582 11.599998474121094 27.30717658996582 12.400002479553223
LINE 28.000001907348633 11.199996948242188 27.30717658996582 11.599998474121094
LINE 28.692825317382812 11.599998474121094 28.000001907348633 11.199996948242188
LINE 28.692825317382812 12.400002479553223 28.692825317382812 11.599998474121094
LINE 28.000001907348633 12.800004959106445 28.692825317382812 12.400002479553223
LINE -28.692825317382812 12.400002479553223 -28.0 12.800004959106445
LINE -28.692825317382812 11.599998474121094 -28.692825317382812 12.400002479553223
LINE -28.0 11.199996948242188 -28.692825317382812 11.599998474121094
LINE -27.30717658996582 11.599998474121094 -28.0 11.199996948242188
LINE -27.30717658996582 12.400002479553223 -27.30717658996582 11.599998474121094
LINE -28.0 12.800004959106445 -27.30717658996582 12.400002479553223
LINE -24.69282341003418 12.400002479553223 -24.0 12.800004959106445
LINE -24.69282341003418 11.599998474121094 -24.69282341003418 12.400002479553223
LINE -24.0 11.199996948242188 -24.69282341003418 11.599998474121094
LINE -23.307174682617188 11.599998474121094 -24.0 11.199996948242188
LINE -23.307174682617188 12.400002479553223 -23.307174682617188 11.599998474121094
LINE -24.0 12.800004959106445 -23.307174682617188 12.400002479553223
LINE -20.692825317382812 12.400002479553223 -20.0 12.800004959106445
LINE -20.692825317382812 11.599998474121094 -20.692825317382812 12.400002479553223
LINE -20.0 11.199996948242188 -20.692825317382812 11.599998474121094
LINE -19.30717658996582 11.599998474121094 -20.0 11.199996948242188
LINE -19.30717658996582 12.400002479553223 -19.30717658996582 11.599998474121094
LINE -20.0 12.800004959106445 -19.30717658996582 12.400002479553223
LINE -16.692825317382812 12.400002479553223 -16.0 12.800004959106445
LINE -16.692825317382812 11.599998474121094 -16.692825317382812 12.400002479553223
LINE -16.0 11.199996948242188 -16.692825317382812 11.599998474121094
LINE -15.307177543640137 11.599998474121094 -16.0 11.199996948242188
LINE -15.307177543640137 12.400002479553223 -15.307177543640137 11.599998474121094
LINE -16.0 12.800004959106445 -15.307177543640137 12.400002479553223
LINE -12.692824363708496 12.400002479553223 -12.0 12.800004959106445
LINE -12.692824363708496 11.599998474121094 -12.692824363708496 12.400002479553223
LINE -12.0 11.199996948242188 -12.692824363708496 11.599998474121094
LINE -11.307177543640137 11.599998474121094 -12.0 11.199996948242188
LINE -11.307177543640137 12.400002479553223 -11.307177543640137 11.599998474121094
LINE -12.0 12.800004959106445 -11.307177543640137 12.400002479553223
LINE -8.692825317382812 12.400002479553223 -7.999999523162842 12.800004959106445
LINE -8.692825317382812 11.599998474121094 -8.692825317382812 12.400002479553223
LINE -7.999999523162842 11.199996948242188 -8.692825317382812 11.599998474121094
LINE -7.30717658996582 11.599998474121094 -7.999999523162842 11.199996948242188
LINE -7.30717658996582 12.400002479553223 -7.30717658996582 11.599998474121094
LINE -7.999999523162842 12.800004959106445 -7.30717658996582 12.400002479553223
LINE -4.692823886871338 12.400002479553223 -3.9999985694885254 12.800004959106445
LINE -4.692823886871338 11.599998474121094 -4.692823886871338 12.400002479553223
LINE -3.9999985694885254 11.199996948242188 -4.692823886871338 11.599998474121094
LINE -3.307175636291504 11.599998474121094 -3.9999985694885254 11.199996948242188
LINE -3.307175636291504 12.400002479553223 -3.307175636291504 11.599998474121094
LINE -3.9999985694885254 12.800004959106445 -3.307175636291504 12.400002479553223
LINE 1.3071762323379517 10.400001525878906 2.0 10.800004005432129
LINE 1.3071763515472412 9.599998474121094 1.3071762323379517 10.400001525878906
LINE 2.0 9.199995994567871 1.3071763515472412 9.599998474121094
LINE 2.692823886871338 9.599998474121094 2.0 9.199995994567871
LINE 2.692823886871338 10.400001525878906 2.692823886871338 9.599998474121094
LINE 2.0 10.800004005432129 2.692823886871338 10.400001525878906
LINE 5.307176113128662 10.400001525878906 6.0 10.800004005432129
LINE 5.307176113128662 9.599998474121094 5.307176113128662 10.400001525878906
LINE 6.0 9.199995994567871 5.307176113128662 9.599998474121094
LINE 6.692823886871338 9.599998474121094 6.0 9.199995994567871
LINE 6.692823886871338 10.400001525878906 6.692823886871338 9.599998474121094
LINE 6.0 10.800004005432129 6.692823886871338 10.400001525878906
LINE 9.30717658996582 10.400001525878906 10.0 10.800004005432129
LINE 9.30717658996582 9.599998474121094 9.30717658996582 10.400001525878906
LINE 10.0 9.199995994567871 9.30717658996582 9.599998474121094
LINE 10.692824363708496 9.599998474121094 10.0 9.199995994567871
LINE 10.692824363708496 10.400001525878906 10.692824363708496 9.599998474121094
LINE 10.0 10.800004005432129 10.692824363708496 10.400001525878906
LINE 13.30717658996582 10.400001525878906 14.000000953674316 10.800004005432129
LINE 13.30717658996582 9.599998474121094 13.30717658996582 10.400001525878906
LINE 14.000000953674316 9.199995994567871 13.30717658996582 9.599998474121094
LINE 14.69282341003418 9.599998474121094 14.000000953674316 9.199995994567871
LINE 14.69282341003418 10.400001525878906 14.69282341003418 9.599998474121094
LINE 14.000000953674316 10.800004005432129 14.69282341003418 10.400001525878906
LINE 17.30717658996582 10.400001525878906 18.0 10.800004005432129
LINE 17.30717658996582 9.599998474121094 17.30717658996582 10.400001525878906
LINE 18.0 9.199995994567871 17.30717658996582 9.599998474121094
LINE 18.69282341003418 9.599998474121094 18.0 9.199995994567871
LINE 18.69282341003418 10.400001525878906 18.69282341003418 9.599998474121094
LINE 18.0 10.800004005432129 18.69282341003418 10.400001525878906
LINE 21.307174682617188 10.400001525878906 22.0 10.800004005432129
LINE 21.307174682617188 9.599998474121094 21.307174682617188 10.400001525878906
LINE 22.0 9.199995994567871 21.307174682617188 9.599998474121094
LINE 22.69282341003418 9.599998474121094 22.0 9.199995994567871
LINE 22.69282341003418 10.400001525878906 22.69282341003418 9.599998474121094
LINE 22.0 10.800004005432129 22.69282341003418 10.400001525878906
LINE 25.30717658996582 10.400001525878906 26.000001907348633 10.800004005432129
LINE 25.30717658996582 9.599998474121094 25.30717658996582 10.400001525878906
LINE 26.000001907348633 9.199995994567871 25.30717658996582 9.599998474121094
LINE 26.692825317382812 9.599998474121094 26.000001907348633 9.199995994567871
LINE 26.692825317382812 10.400001525878906 26.692825317382812 9.599998474121094
LINE 26.000001907348633 10.800004005432129 26.692825317382812 10.400001525878906
LINE -26.692825317382812 10.400001525878906 -26.0 10.800004005432129
LINE -26.692825317382812 9.599998474121094 -26.692825317382812 10.400001525878906
LINE -26.0 9.199995994567871 -26.692825317382812 9.599998474121094
LINE -25.30717658996582 9.599998474121094 -26.0 9.199995994567871
LINE -25.30717658996582 10.400001525878906 -25.30717658996582 9.599998474121094
LINE -26.0 10.800004005432129 -25.30717658996582 10.400001525878906
LINE -22.69282341003418 10.400001525878906 -22.0 10.800004005432129
LINE -22.69282341003418 9.599998474121094 -22.69282341003418 10.400001525878906
LINE -22.0 9.199995994567871 -22.69282341003418 9.599998474121094
LINE -21.307174682617188 9.599998474121094 -22.0 9.199995994567871
LINE -21.307174682617188 10.400001525878906 -21.307174682617188 9.599998474121094
LINE -22.0 10.800004005432129 -21.307174682617188 10.400001525878906
LINE -18.692825317382812 10.400001525878906 -18.0 10.800004005432129
LINE -18.692825317382812 9.599998474121094 -18.692825317382812 10.400001525878906
LINE -18.0 9.199995994567871 -18.692825317382812 9.599998474121094
LINE -17.30717658996582 9.599998474121094 -18.0 9.199995994567871
LINE -17.30717658996582 10.400001525878906 -17.30717658996582 9.599998474121094
LINE -18.0 10.800004005432129 -17.30717658996582 10.400001525878906
LINE -14.69282341003418 10.400001525878906 -14.0 10.800004005432129
LINE -14.69282341003418 9.599998474121094 -14.69282341003418 10.400001525878906
LINE -14.0 9.199995994567871 -14.69282341003418 9.599998474121094
LINE -13.30717658996582 9.599998474121094 -14.0 9.199995994567871
LINE -13.30717658996582 10.400001525878906 -13.30717658996582 9.599998474121094
LINE -14.0 10.800004005432129 -13.30717658996582 10.400001525878906
LINE -10.692824363708496 10.400001525878906 -10.0 10.800004005432129
LINE -10.692824363708496 9.599998474121094 -10.692824363708496 10.400001525878906
LINE -10.0 9.199995994567871 -10.692824363708496 9.599998474121094
LINE -9.307177543640137 9.599998474121094 -10.0 9.199995994567871
LINE -9.307177543640137 10.400001525878906 -9.307177543640137 9.599998474121094
LINE -10.0 10.800004005432129 -9.307177543640137 10.400001525878906
LINE -6.692824840545654 10.400001525878906 -5.999999523162842 10.800004005432129
LINE -6.692824840545654 9.599998474121094 -6.692824840545654 10.400001525878906
LINE -5.999999523162842 9.199995994567871 -6.692824840545654 9.599998474121094
LINE -5.30717658996582 9.599998474121094 -5.999999523162842 9.199995994567871
LINE -5.30717658996582 10.400001525878906 -5.30717658996582 9.599998474121094
LINE -5.999999523162842 10.800004005432129 -5.30717658996582 10.400001525878906
LINE -2.692823886871338 10.400001525878906 -1.9999985694885254 10.800004005432129
LINE -2.692823886871338 9.599998474121094 -2.692823886871338 10.400001525878906
LINE -1.9999985694885254 9.199995994567871 -2.692823886871338 9.599998474121094
LINE -1.307175636291504 9.599998474121094 -1.9999985694885254 9.199995994567871
LINE -1.307175636291504 10.400001525878906 -1.307175636291504 9.599998474121094
LINE -1.9999985694885254 10.800004005432129 -1.307175636291504 10.400001525878906
LINE -0.6928238272666931 8.400002479553223 0.0 8.800004959106445
LINE -0.6928237676620483 7.599998474121094 -0.6928238272666931 8.400002479553223
LINE 6.993857226689215e-08 7.1999969482421875 -0.6928237676620483 7.599998474121094
LINE 0.6928238272666931 7.599998474121094 6.993857226689215e-08 7.1999969482421875
LINE 0.6928238272666931 8.400002479553223 0.6928238272666931 7.599998474121094
LINE 0.0 8.800004959106445 0.6928238272666931 8.400002479553223
LINE 3.307176113128662 8.400002479553223 4.0 8.800004959106445
LINE 3.307176113128662 7.599998474121094 3.307176113128662 8.400002479553223
LINE 4.0 7.1999969482421875 3.307176113128662 7.599998474121094
LINE 4.692823886871338 7.599998474121094 4.0 7.1999969482421875
LINE 4.692823886871338 8.400002479553223 4.692823886871338 7.599998474121094
LINE 4.0 8.800004959106445 4.692823886871338 8.400002479553223
LINE 7.30717658996582 8.400002479553223 8.0 8.800004959106445
LINE 7.30717658996582 7.599998474121094 7.30717658996582 8.400002479553223
LINE 8.0 7.1999969482421875 7.30717658996582 7.599998474121094
LINE 8.69282341003418 7.599998474121094 8.0 7.1999969482421875
LINE 8.69282341003418 8.400002479553223 8.69282341003418 7.599998474121094
LINE 8.0 8.800004959106445 8.69282341003418 8.400002479553223
LINE 11.30717658996582 8.400002479553223 12.0 8.800004959106445
LINE 11.30717658996582 7.599998474121094 11.30717658996582 8.400002479553223
LINE 12.0 7.1999969482421875 11.30717658996582 7.599998474121094
LINE 12.69282341003418 7.599998474121094 12.0 7.1999969482421875
LINE 12.69282341003418 8.400002479553223 12.69282341003418 7.599998474121094
LINE 12.0 8.800004959106445 12.69282341003418 8.400002479553223
LINE 15.30717658996582 8.400002479553223 16.0 8.800004959106445
LINE 15.30717658996582 7.599998474121094 15.30717658996582 8.400002479553223
LINE 16.0 7.1999969482421875 15.30717658996582 7.599998474121094
LINE 16.69282341003418 7.599998474121094 16.0 7.1999969482421875
LINE 16.69282341003418 8.400002479553223 16.69282341003418 7.599998474121094
LINE 16.0 8.800004959106445 16.69282341003418 8.400002479553223
LINE 19.30717658996582 8.400002479553223 20.0 8.800004959106445
LINE 19.30717658996582 7.599998474121094 19.30717658996582 8.400002479553223
LINE 20.0 7.1999969482421875 19.30717658996582 7.599998474121094
LINE 20.69282341003418 7.599998474121094 20.0 7.1999969482421875
LINE 20.69282341003418 8.400002479553223 20.69282341003418 7.599998474121094
LINE 20.0 8.800004959106445 20.69282341003418 8.400002479553223
LINE 23.307174682617188 8.400002479553223 24.0 8.800004959106445
LINE 23.307174682617188 7.599998474121094 23.307174682617188 8.400002479553223
LINE 24.0 7.1999969482421875 23.307174682617188 7.599998474121094
LINE 24.69282341003418 7.599998474121094 24.0 7.1999969482421875
LINE 24.69282341003418 8.400002479553223 24.69282341003418 7.599998474121094
LINE 24.0 8.800004959106445 24.69282341003418 8.400002479553223
LINE 27.30717658996582 8.400002479553223 28.000001907348633 8.800004959106445
LINE 27.30717658996582 7.599998474121094 27.30717658996582 8.400002479553223
LINE 28.000001907348633 7.1999969482421875 27.30717658996582 7.599998474121094
LINE 28.692825317382812 7.599998474121094 28.000001907348633 7.1999969482421875
LINE 28.692825317382812 8.400002479553223 28.692825317382812 7.599998474121094
LINE 28.000001907348633 8.800004959106445 28.692825317382812 8.400002479553223
LINE -28.692825317382812 8.400002479553223 -28.0 8.800004959106445
LINE -28.692825317382812 7.599998474121094 -28.692825317382812 8.400002479553223
LINE -28.0 7.1999969482421875 -28.692825317382812 7.599998474121094
LINE -27.30717658996582 7.599998474121094 -28.0 7.1999969482421875
LINE -27.30717658996582 8.400002479553223 -27.30717658996582 7.599998474121094
LINE -28.0 8.800004959106445 -27.30717658996582 8.400002479553223
LINE -24.69282341003418 8.400002479553223 -24.0 8.800004959106445
LINE -24.69282341003418 7.599998474121094 -24.69282341003418 8.400002479553223
LINE -24.0 7.1999969482421875 -24.69282341003418 7.599998474121094
LINE -23.307174682617188 7.599998474121094 -24.0 7.1999969482421875
LINE -23.307174682617188 8.400002479553223 -23.307174682617188 7.599998474121094
LINE -24.0 8.800004959106445 -23.307174682617188 8.400002479553223
LINE -20.692825317382812 8.400002479553223 -20.0 8.800004959106445
LINE -20.692825317382812 7.599998474121094 -20.692825317382812 8.400002479553223
LINE -20.0 7.1999969482421875 -20.692825317382812 7.599998474121094
LINE -19.30717658996582 7.599998474121094 -20.0 7.1999969482421875
LINE -19.30717658996582 8.400002479553223 -19.30717658996582 7.599998474121094
LINE -20.0 8.800004959106445 -19.30717658996582 8.400002479553223
LINE -16.692825317382812 8.400002479553223 -16.0 8.800004959106445
LINE -16.692825317382812 7.599998474121094 -16.692825317382812 8.400002479553223
LINE -16.0 7.1999969482421875 -16.692825317382812 7.599998474121094
LINE -15.307177543640137 7.599998474121094 -16.0 7.1999969482421875
LINE -15.307177543640137 8.400002479553223 -15.307177543640137 7.599998474121094
LINE -16.0 8.800004959106445 -15.307177543640137 8.400002479553223
LINE -12.692824363708496 8.400002479553223 -12.0 8.800004959106445
LINE -12.692824363708496 7.599998474121094 -12.692824363708496 8.400002479553223
LINE -12.0 7.1999969482421875 -12.692824363708496 7.599998474121094
LINE -11.307177543640137 7.599998474121094 -12.0 7.1999969482421875
LINE -11.307177543640137 8.400002479553223 -11.307177543640137 7.599998474121094
LINE -12.0 8.800004959106445 -11.307177543640137 8.400002479553223
LINE -8.692825317382812 8.400002479553223 -7.999999523162842 8.800004959106445
LINE -8.692825317382812 7.599998474121094 -8.692825317382812 8.400002479553223
LINE -7.999999523162842 7.1999969482421875 -8.692825317382812 7.599998474121094
LINE -7.30717658996582 7.599998474121094 -7.999999523162842 7.1999969482421875
LINE -7.30717658996582 8.400002479553223 -7.30717658996582 7.599998474121094
LINE -7.999999523162842 8.800004959106445 -7.30717658996582 8.400002479553223
LINE -4.692823886871338 8.400002479553223 -3.9999985694885254 8.800004959106445
LINE -4.692823886871338 7.599998474121094 -4.692823886871338 8.400002479553223
LINE -3.9999985694885254 7.1999969482421875 -4.692823886871338 7.599998474121094
LINE -3.307175636291504 7.599998474121094 -3.9999985694885254 7.1999969482421875
LINE -3.307175636291504 8.400002479553223 -3.307175636291504 7.599998474121094
LINE -3.9999985694885254 8.800004959106445 -3.307175636291504 8.400002479553223
LINE 1.3071762323379517 6.400002479553223 2.0 6.800004005432129
LINE 1.3071763515472412 5.599998474121094 1.3071762323379517 6.400002479553223
LINE 2.0 5.199995994567871 1.3071763515472412 5.599998474121094
LINE 2.692823886871338 5.599998474121094 2.0 5.199995994567871
LINE 2.692823886871338 6.400002479553223 2.692823886871338 5.599998474121094
LINE 2.0 6.800004005432129 2.692823886871338 6.400002479553223
LINE 5.307176113128662 6.400002479553223 6.0 6.800004005432129
LINE 5.307176113128662 5.599998474121094 5.307176113128662 6.400002479553223
LINE 6.0 5.199995994567871 5.307176113128662 5.599998474121094
LINE 6.692823886871338 5.599998474121094 6.0 5.199995994567871
LINE 6.692823886871338 6.400002479553223 6.692823886871338 5.599998474121094
LINE 6.0 6.800004005432129 6.692823886871338 6.400002479553223
LINE 9.30717658996582 6.400002479553223 10.0 6.800004005432129
LINE 9.30717658996582 5.599998474121094 9.30717658996582 6.400002479553223
LINE 10.0 5.199995994567871 9.30717658996582 5.599998474121094
LINE 10.692824363708496 5.599998474121094 10.0 5.199995994567871
LINE 10.692824363708496 6.400002479553223 10.692824363708496 5.599998474121094
LINE 10.0 6.800004005432129 10.692824363708496 6.400002479553223
LINE 13.30717658996582 6.400002479553223 14.000000953674316 6.800004005432129
LINE 13.30717658996582 5.599998474121094 13.30717658996582 6.400002479553223
LINE 14.000000953674316 5.199995994567871 13.30717658996582 5.599998474121094
LINE 14.69282341003418 5.599998474121094 14.000000953674316 5.199995994567871
LINE 14.69282341003418 6.400002479553223 14.69282341003418 5.599998474121094
LINE 14.000000953674316 6.800004005432129 14.69282341003418 6.400002479553223
LINE 17.30717658996582 6.400002479553223 18.0 6.800004005432129
LINE 17.30717658996582 5.599998474121094 17.30717658996582 6.400002479553223
LINE 18.0 5.199995994567871 17.30717658996582 5.599998474121094
LINE 18.69282341003418 5.599998474121094 18.0 5.199995994567871
LINE 18.69282341003418 6.400002479553223 18.69282341003418 5.599998474121094
LINE 18.0 6.800004005432129 18.69282341003418 6.400002479553223
LINE 21.307174682617188 6.400002479553223 22.0 6.800004005432129
LINE 21.307174682617188 5.599998474121094 21.307174682617188 6.400002479553223
LINE 22.0 5.199995994567871 21.307174682617188 5.599998474121094
LINE 22.69282341003418 5.599998474121094 22.0 5.199995994567871
LINE 22.69282341003418 6.400002479553223 22.69282341003418 5.599998474121094
LINE 22.0 6.800004005432129 22.69282341003418 6.400002479553223
LINE 25.30717658996582 6.400002479553223 26.000001907348633 6.800004005432129
LINE 25.30717658996582 5.599998474121094 25.30717658996582 6.400002479553223
LINE 26.000001907348633 5.199995994567871 25.30717658996582 5.599998474121094
LINE 26.692825317382812 5.599998474121094 26.000001907348633 5.199995994567871
LINE 26.692825317382812 6.400002479553223 26.692825317382812 5.599998474121094
LINE 26.000001907348633 6.800004005432129 26.692825317382812 6.400002479553223
LINE -26.692825317382812 6.400002479553223 -26.0 6.800004005432129
LINE -26.692825317382812 5.599998474121094 -26.692825317382812 6.400002479553223
LINE -26.0 5.199995994567871 -26.692825317382812 5.599998474121094
LINE -25.30717658996582 5.599998474121094 -26.0 5.199995994567871
LINE -25.30717658996582 6.400002479553223 -25.30717658996582 5.599998474121094
LINE -26.0 6.800004005432129 -25.30717658996582 6.400002479553223
LINE -22.69282341003418 6.400002479553223 -22.0 6.800004005432129
LINE -22.69282341003418 5.599998474121094 -22.69282341003418 6.400002479553223
LINE -22.0 5.199995994567871 -22.69282341003418 5.599998474121094
LINE -21.307174682617188 5.599998474121094 -22.0 5.199995994567871
LINE -21.307174682617188 6.400002479553223 -21.307174682617188 5.599998474121094
LINE -22.0 6.800004005432129 -21.307174682617188 6.400002479553223
LINE -18.692825317382812 6.400002479553223 -18.0 6.800004005432129
LINE -18.692825317382812 5.599998474121094 -18.692825317382812 6.400002479553223
LINE -18.0 5.199995994567871 -18.692825317382812 5.599998474121094
LINE -17.30717658996582 5.599998474121094 -18.0 5.199995994567871
LINE -17.30717658996582 6.400002479553223 -17.30717658996582 5.599998474121094
LINE -18.0 6.800004005432129 -17.30717658996582 6.400002479553223
LINE -14.69282341003418 6.400002479553223 -14.0 6.800004005432129
LINE -14.69282341003418 5.599998474121094 -14.69282341003418 6.400002479553223
LINE -14.0 5.199995994567871 -14.69282341003418 5.599998474121094
LINE -13.30717658996582 5.599998474121094 -14.0 5.199995994567871
LINE -13.30717658996582 6.400002479553223 -13.30717658996582 5.599998474121094
LINE -14.0 6.800004005432129 -13.30717658996582 6.400002479553223
LINE -10.692824363708496 6.400002479553223 -10.0 6.800004005432129
LINE -10.692824363708496 5.599998474121094 -10.692824363708496 6.400002479553223
LINE -10.0 5.199995994567871 -10.692824363708496 5.599998474121094
LINE -9.307177543640137 5.599998474121094 -10.0 5.199995994567871
LINE -9.307177543640137 6.400002479553223 -9.307177543640137 5.599998474121094
LINE -10.0 6.800004005432129 -9.307177543640137 6.400002479553223
LINE -6.692824840545654 6.400002479553223 -5.999999523162842 6.800004005432129
LINE -6.692824840545654 5.599998474121094 -6.692824840545654 6.400002479553223
LINE -5.999999523162842 5.199995994567871 -6.692824840545654 5.599998474121094
LINE -5.30717658996582 5.599998474121094 -5.999999523162842 5.199995994567871
LINE -5.30717658996582 6.400002479553223 -5.30717658996582 5.599998474121094
LINE -5.999999523162842 6.800004005432129 -5.30717658996582 6.400002479553223
LINE -2.692823886871338 6.400002479553223 -1.9999985694885254 6.800004005432129
LINE -2.692823886871338 5.599998474121094 -2.692823886871338 6.400002479553223
LINE -1.9999985694885254 5.199995994567871 -2.692823886871338 5.599998474121094
LINE -1.307175636291504 5.599998474121094 -1.9999985694885254 5.199995994567871
LINE -1.307175636291504 6.400002479553223 -1.307175636291504 5.599998474121094
LINE -1.9999985694885254 6.800004005432129 -1.307175636291504 6.400002479553223
LINE -0.6928238272666931 4.400002479553223 0.0 4.800004482269287
LINE -0.6928237676620483 3.599998712539673 -0.6928238272666931 4.400002479553223
LINE 6.993857226689215e-08 3.1999967098236084 -0.6928237676620483 3.599998712539673
LINE 0.6928238272666931 3.599998712539673 6.993857226689215e-08 3.1999967098236084
LINE 0.6928238272666931 4.400002479553223 0.6928238272666931 3.599998712539673
LINE 0.0 4.800004482269287 0.6928238272666931 4.400002479553223
LINE 3.307176113128662 4.400002479553223 4.0 4.800004482269287
LINE 3.307176113128662 3.599998712539673 3.307176113128662 4.400002479553223
LINE 4.0 3.1999967098236084 3.307176113128662 3.599998712539673
LINE 4.692823886871338 3.599998712539673 4.0 3.1999967098236084
LINE 4.692823886871338 4.400002479553223 4.692823886871338 3.599998712539673
LINE 4.0 4.800004482269287 4.692823886871338 4.400002479553223
LINE 7.30717658996582 4.400002479553223 8.0 4.800004482269287
LINE 7.30717658996582 3.599998712539673 7.30717658996582 4.400002479553223
LINE 8.0 3.1999967098236084 7.30717658996582 3.599998712539673
LINE 8.69282341003418 3.599998712539673 8.0 3.1999967098236084
LINE 8.69282341003418 4.400002479553223 8.69282341003418 3.599998712539673
LINE 8.0 4.800004482269287 8.69282341003418 4.400002479553223
LINE 11.30717658996582 4.400002479553223 12.0 4.800004482269287
LINE 11.30717658996582 3.599998712539673 11.30717658996582 4.400002479553223
LINE 12.0 3.1999967098236084 11.30717658996582 3.599998712539673
LINE 12.69282341003418 3.599998712539673 12.0 3.1999967098236084
LINE 12.69282341003418 4.400002479553223 12.69282341003418 3.599998712539673
LINE 12.0 4.800004482269287 12.69282341003418 4.400002479553223
LINE 15.30717658996582 4.400002479553223 16.0 4.800004482269287
LINE 15.30717658996582 3.599998712539673 15.30717658996582 4.400002479553223
LINE 16.0 3.1999967098236084 15.30717658996582 3.599998712539673
LINE 16.69282341003418 3.599998712539673 16.0 3.1999967098236084
LINE 16.69282341003418 4.400002479553223 16.69282341003418 3.599998712539673
LINE 16.0 4.800004482269287 16.69282341003418 4.400002479553223
LINE 19.30717658996582 4.400002479553223 20.0 4.800004482269287
LINE 19.30717658996582 3.599998712539673 19.30717658996582 4.400002479553223
LINE 20.0 3.1999967098236084 19.30717658996582 3.599998712539673
LINE 20.69282341003418 3.599998712539673 20.0 3.1999967098236084
LINE 20.69282341003418 4.400002479553223 20.69282341003418 3.599998712539673
LINE 20.0 4.800004482269287 20.69282341003418 4.400002479553223
LINE 23.307174682617188 4.400002479553223 24.0 4.800004482269287
LINE 23.307174682617188 3.599998712539673 23.307174682617188 4.400002479553223
LINE 24.0 3.1999967098236084 23.307174682617188 3.599998712539673
LINE 24.69282341003418 3.599998712539673 24.0 3.1999967098236084
LINE 24.69282341003418 4.400002479553223 24.69282341003418 3.599998712539673
LINE 24.0 4.800004482269287 24.69282341003418 4.400002479553223
LINE 27.30717658996582 4.400002479553223 28.000001907348633 4.800004482269287
LINE 27.30717658996582 3.599998712539673 27.30717658996582 4.400002479553223
LINE 28.000001907348633 3.1999967098236084 27.30717658996582 3.599998712539673
LINE 28.692825317382812 3.599998712539673 28.000001907348633 3.1999967098236084
LINE 28.692825317382812 4.400002479553223 28.692825317382812 3.599998712539673
LINE 28.000001907348633 4.800004482269287 28.692825317382812 4.400002479553223
LINE -28.692825317382812 4.400002479553223 -28.0 4.800004482269287
LINE -28.692825317382812 3.599998712539673 -28.692825317382812 4.400002479553223
LINE -28.0 3.1999967098236084 -28.692825317382812 3.599998712539673
LINE -27.30717658996582 3.599998712539673 -28.0 3.1999967098236084
LINE -27.30717658996582 4.400002479553223 -27.30717658996582 3.599998712539673
LINE -28.0 4.800004482269287 -27.30717658996582 4.400002479553223
LINE -24.69282341003418 4.400002479553223 -24.0 4.800004482269287
LINE -24.69282341003418 3.599998712539673 -24.69282341003418 4.400002479553223
LINE -24.0 3.1999967098236084 -24.69282341003418 3.599998712539673
LINE -23.307174682617188 3.599998712539673 -24.0 3.1999967098236084
LINE -23.307174682617188 4.400002479553223 -23.307174682617188 3.599998712539673
LINE -24.0 4.800004482269287 -23.307174682617188 4.400002479553223
LINE -20.692825317382812 4.400002479553223 -20.0 4.800004482269287
LINE -20.692825317382812 3.599998712539673 -20.692825317382812 4.400002479553223
LINE -20.0 3.1999967098236084 -20.692825317382812 3.599998712539673
LINE -19.30717658996582 3.599998712539673 -20.0 3.1999967098236084
LINE -19.30717658996582 4.400002479553223 -19.30717658996582 3.599998712539673
LINE -20.0 4.800004482269287 -19.30717658996582 4.400002479553223
LINE -16.692825317382812 4.400002479553223 -16.0 4.800004482269287
LINE -16.692825317382812 3.599998712539673 -16.692825317382812 4.400002479553223
LINE -16.0 3.1999967098236084 -16.692825317382812 3.599998712539673
LINE -15.307177543640137 3.599998712539673 -16.0 3.1999967098236084
LINE -15.307177543640137 4.400002479553223 -15.307177543640137 3.599998712539673
LINE -16.0 4.800004482269287 -15.307177543640137 4.400002479553223
LINE -12.692824363708496 4.400002479553223 -12.0 4.800004482269287
LINE -12.692824363708496 3.599998712539673 -12.692824363708496 4.400002479553223
LINE -12.0 3.1999967098236084 -12.692824363708496 3.599998712539673
LINE -11.307177543640137 3.599998712539673 -12.0 3.1999967098236084
LINE -11.307177543640137 4.400002479553223 -11.307177543640137 3.599998712539673
LINE -12.0 4.800004482269287 -11.307177543640137 4.400002479553223
LINE -8.692825317382812 4.400002479553223 -7.999999523162842 4.800004482269287
LINE -8.692825317382812 3.599998712539673 -8.692825317382812 4.400002479553223
LINE -7.999999523162842 3.1999967098236084 -8.692825317382812 3.599998712539673
LINE -7.30717658996582 3.599998712539673 -7.999999523162842 3.1999967098236084
LINE -7.30717658996582 4.400002479553223 -7.30717658996582 3.599998712539673
LINE -7.999999523162842 4.800004482269287 -7.30717658996582 4.400002479553223
LINE -4.692823886871338 4.400002479553223 -3.9999985694885254 4.800004482269287
LINE -4.692823886871338 3.599998712539673 -4.692823886871338 4.400002479553223
LINE -3.9999985694885254 3.1999967098236084 -4.692823886871338 3.599998712539673
LINE -3.307175636291504 3.599998712539673 -3.9999985694885254 3.1999967098236084
LINE -3.307175636291504 4.400002479553223 -3.307175636291504 3.599998712539673
LINE -3.9999985694885254 4.800004482269287 -3.307175636291504 4.400002479553223
LINE 1.3071762323379517 2.4000022411346436 2.0 2.800004243850708
LINE 1.3071763515472412 1.5999982357025146 1.3071762323379517 2.4000022411346436
LINE 2.0 1.1999962329864502 1.3071763515472412 1.5999982357025146
LINE 2.692823886871338 1.5999982357025146 2.0 1.1999962329864502
LINE 2.692823886871338 2.4000022411346436 2.692823886871338 1.5999982357025146
LINE 2.0 2.800004243850708 2.692823886871338 2.4000022411346436
LINE 5.307176113128662 2.4000022411346436 6.0 2.800004243850708
LINE 5.307176113128662 1.5999982357025146 5.307176113128662 2.4000022411346436
LINE 6.0 1.1999962329864502 5.307176113128662 1.5999982357025146
LINE 6.692823886871338 1.5999982357025146 6.0 1.1999962329864502
LINE 6.692823886871338 2.4000022411346436 6.692823886871338 1.5999982357025146
LINE 6.0 2.800004243850708 6.692823886871338 2.4000022411346436
LINE 9.30717658996582 2.4000022411346436 10.0 2.800004243850708
LINE 9.30717658996582 1.5999982357025146 9.30717658996582 2.4000022411346436
LINE 10.0 1.1999962329864502 9.30717658996582 1.5999982357025146
LINE 10.692824363708496 1.5999982357025146 10.0 1.1999962329864502
LINE 10.692824363708496 2.4000022411346436 10.692824363708496 1.5999982357025146
LINE 10.0 2.800004243850708 10.692824363708496 2.4000022411346436
LINE 13.30717658996582 2.4000022411346436 14.000000953674316 2.800004243850708
LINE 13.30717658996582 1.5999982357025146 13.30717658996582 2.4000022411346436
LINE 14.000000953674316 1.1999962329864502 13.30717658996582 1.5999982357025146
LINE 14.69282341003418 1.5999982357025146 14.000000953674316 1.1999962329864502
LINE 14.69282341003418 2.4000022411346436 14.69282341003418 1.5999982357025146
LINE 14.000000953674316 2.800004243850708 14.69282341003418 2.4000022411346436
LINE 17.30717658996582 2.4000022411346436 18.0 2.800004243850708
LINE 17.30717658996582 1.5999982357025146 17.30717658996582 2.4000022411346436
LINE 18.0 1.1999962329864502 17.30717658996582 1.5999982357025146
LINE 18.69282341003418 1.5999982357025146 18.0 1.1999962329864502
LINE 18.69282341003418 2.4000022411346436 18.69282341003418 1.5999982357025146
LINE 18.0 2.800004243850708 18.69282341003418 2.4000022411346436
LINE 21.307174682617188 2.4000022411346436 22.0 2.800004243850708
LINE 21.307174682617188 1.5999982357025146 21.307174682617188 2.4000022411346436
LINE 22.0 1.1999962329864502 21.307174682617188 1.5999982357025146
LINE 22.69282341003418 1.5999982357025146 22.0 1.1999962329864502
LINE 22.69282341003418 2.4000022411346436 22.69282341003418 1.5999982357025146
LINE 22.0 2.800004243850708 22.69282341003418 2.4000022411346436
LINE 25.30717658996582 2.4000022411346436 26.000001907348633 2.800004243850708
LINE 25.30717658996582 1.5999982357025146 25.30717658996582 2.4000022411346436
LINE 26.000001907348633 1.1999962329864502 25.30717658996582 1.5999982357025146
LINE 26.692825317382812 1.5999982357025146 26.000001907348633 1.1999962329864502
LINE 26.692825317382812 2.4000022411346436 26.692825317382812 1.5999982357025146
LINE 26.000001907348633 2.800004243850708 26.692825317382812 2.4000022411346436
LINE -26.692825317382812 2.4000022411346436 -26.0 2.800004243850708
LINE -26.692825317382812 1.5999982357025146 -26.692825317382812 2.4000022411346436
LINE -26.0 1.1999962329864502 -26.692825317382812 1.5999982357025146
LINE -25.30717658996582 1.5999982357025146 -26.0 1.1999962329864502
LINE -25.30717658996582 2.4000022411346436 -25.30717658996582 1.5999982357025146
LINE -26.0 2.800004243850708 -25.30717658996582 2.4000022411346436
LINE -22.69282341003418 2.4000022411346436 -22.0 2.800004243850708
LINE -22.69282341003418 1.5999982357025146 -22.69282341003418 2.4000022411346436
LINE -22.0 1.1999962329864502 -22.69282341003418 1.5999982357025146
LINE -21.307174682617188 1.5999982357025146 -22.0 1.1999962329864502
LINE -21.307174682617188 2.4000022411346436 -21.307174682617188 1.5999982357025146
LINE -22.0 2.800004243850708 -21.307174682617188 2.4000022411346436
LINE -18.692825317382812 2.4000022411346436 -18.0 2.800004243850708
LINE -18.692825317382812 1.5999982357025146 -18.692825317382812 2.4000022411346436
LINE -18.0 1.1999962329864502 -18.692825317382812 1.5999982357025146
LINE -17.30717658996582 1.5999982357025146 -18.0 1.1999962329864502
LINE -17.30717658996582 2.4000022411346436 -17.30717658996582 1.5999982357025146
LINE -18.0 2.800004243850708 -17.30717658996582 2.4000022411346436
LINE -14.69282341003418 2.4000022411346436 -14.0 2.800004243850708
LINE -14.69282341003418 1.5999982357025146 -14.69282341003418 2.4000022411346436
LINE -14.0 1.1999962329864502 -14.69282341003418 1.5999982357025146
LINE -13.30717658996582 1.5999982357025146 -14.0 1.1999962329864502
LINE -13.30717658996582 2.4000022411346436 -13.30717658996582 1.5999982357025146
LINE -14.0 2.800004243850708 -13.30717658996582 2.4000022411346436
LINE -10.692824363708496 2.4000022411346436 -10.0 2.800004243850708
LINE -10.692824363708496 1.5999982357025146 -10.692824363708496 2.4000022411346436
LINE -10.0 1.1999962329864502 -10.692824363708496 1.5999982357025146
LINE -9.307177543640137 1.5999982357025146 -10.0 1.1999962329864502
LINE -9.307177543640137 2.4000022411346436 -9.307177543640137 1.5999982357025146
LINE -10.0 2.800004243850708 -9.307177543640137 2.4000022411346436
LINE -6.692824840545654 2.4000022411346436 -5.999999523162842 2.800004243850708
LINE -6.692824840545654 1.5999982357025146 -6.692824840545654 2.4000022411346436
LINE -5.999999523162842 1.1999962329864502 -6.692824840545654 1.5999982357025146
LINE -5.30717658996582 1.5999982357025146 -5.999999523162842 1.1999962329864502
LINE -5.30717658996582 2.4000022411346436 -5.30717658996582 1.5999982357025146
LINE -5.999999523162842 2.800004243850708 -5.30717658996582 2.4000022411346436
LINE -2.692823886871338 2.4000022411346436 -1.9999985694885254 2.800004243850708
LINE -2.692823886871338 1.5999982357025146 -2.692823886871338 2.4000022411346436
LINE -1.9999985694885254 1.1999962329864502 -2.692823886871338 1.5999982357025146
LINE -1.307175636291504 1.5999982357025146 -1.9999985694885254 1.1999962329864502
LINE -1.307175636291504 2.4000022411346436 -1.307175636291504 1.5999982357025146
LINE -1.9999985694885254 2.800004243850708 -1.307175636291504 2.4000022411346436
LINE -0.6928238272666931 0.4000025987625122 0.0 0.8000046014785767
LINE -0.6928237676620483 -0.4000014066696167 -0.6928238272666931 0.4000025987625122
LINE 6.993857226689215e-08 -0.8000034093856812 -0.6928237676620483 -0.4000014066696167
LINE 0.6928238272666931 -0.4000014066696167 6.993857226689215e-08 -0.8000034093856812
LINE 0.6928238272666931 0.4000025987625122 0.6928238272666931 -0.4000014066696167
LINE 0.0 0.8000046014785767 0.6928238272666931 0.4000025987625122
LINE 3.307176113128662 0.4000025987625122 4.0 0.8000046014785767
LINE 3.307176113128662 -0.4000014066696167 3.307176113128662 0.4000025987625122
LINE 4.0 -0.8000034093856812 3.307176113128662 -0.4000014066696167
LINE 4.692823886871338 -0.4000014066696167 4.0 -0.8000034093856812
LINE 4.692823886871338 0.4000025987625122 4.692823886871338 -0.4000014066696167
LINE 4.0 0.8000046014785767 4.692823886871338 0.4000025987625122
LINE 7.30717658996582 0.4000025987625122 8.0 0.8000046014785767
LINE 7.30717658996582 -0.4000014066696167 7.30717658996582 0.4000025987625122
LINE 8.0 -0.8000034093856812 7.30717658996582 -0.4000014066696167
LINE 8.69282341003418 -0.4000014066696167 8.0 -0.8000034093856812
LINE 8.69282341003418 0.4000025987625122 8.69282341003418 -0.4000014066696167
LINE 8.0 0.8000046014785767 8.69282341003418 0.4000025987625122
LINE 11.30717658996582 0.4000025987625122 12.0 0.8000046014785767
LINE 11.30717658996582 -0.4000014066696167 11.30717658996582 0.4000025987625122
LINE 12.0 -0.8000034093856812 11.30717658996582 -0.4000014066696167
LINE 12.69282341003418 -0.4000014066696167 12.0 -0.8000034093856812
LINE 12.69282341003418 0.4000025987625122 12.69282341003418 -0.4000014066696167
LINE 12.0 0.8000046014785767 12.69282341003418 0.4000025987625122
LINE 15.30717658996582 0.4000025987625122 16.0 0.8000046014785767
LINE 15.30717658996582 -0.4000014066696167 15.30717658996582 0.4000025987625122
LINE 16.0 -0.8000034093856812 15.30717658996582 -0.4000014066696167
LINE 16.69282341003418 -0.4000014066696167 16.0 -0.8000034093856812
LINE 16.69282341003418 0.4000025987625122 16.69282341003418 -0.4000014066696167
LINE 16.0 0.8000046014785767 16.69282341003418 0.4000025987625122
LINE 19.30717658996582 0.4000025987625122 20.0 0.8000046014785767
LINE 19.30717658996582 -0.4000014066696167 19.30717658996582 0.4000025987625122
LINE 20.0 -0.8000034093856812 19.30717658996582 -0.4000014066696167
LINE 20.69282341003418 -0.4000014066696167 20.0 -0.8000034093856812
LINE 20.69282341003418 0.4000025987625122 20.69282341003418 -0.4000014066696167
LINE 20.0 0.8000046014785767 20.69282341003418 0.4000025987625122
LINE 23.307174682617188 0.4000025987625122 24.0 0.8000046014785767
LINE 23.307174682617188 -0.4000014066696167 23.307174682617188 0.4000025987625122
LINE 24.0 -0.8000034093856812 23.307174682617188 -0.4000014066696167
LINE 24.69282341003418 -0.4000014066696167 24.0 -0.8000034093856812
LINE 24.69282341003418 0.4000025987625122 24.69282341003418 -0.4000014066696167
LINE 24.0 0.8000046014785767 24.69282341003418 0.4000025987625122
LINE 27.30717658996582 0.4000025987625122 28.000001907348633 0.8000046014785767
LINE 27.30717658996582 -0.4000014066696167 27.30717658996582 0.4000025987625122
LINE 28.000001907348633 -0.8000034093856812 27.30717658996582 -0.4000014066696167
LINE 28.692825317382812 -0.4000014066696167 28.000001907348633 -0.8000034093856812
LINE 28.692825317382812 0.4000025987625122 28.692825317382812 -0.4000014066696167
LINE 28.000001907348633 0.8000046014785767 28.692825317382812 0.4000025987625122
LINE -28.692825317382812 0.4000025987625122 -28.0 0.8000046014785767
LINE -28.692825317382812 -0.4000014066696167 -28.692825317382812 0.4000025987625122
LINE -28.0 -0.8000034093856812 -28.692825317382812 -0.4000014066696167
LINE -27.30717658996582 -0.4000014066696167 -28.0 -0.8000034093856812
LINE -27.30717658996582 0.4000025987625122 -27.30717658996582 -0.4000014066696167
LINE -28.0 0.8000046014785767 -27.30717658996582 0.4000025987625122
LINE -24.69282341003418 0.4000025987625122 -24.0 0.8000046014785767
LINE -24.69282341003418 -0.4000014066696167 -24.69282341003418 0.4000025987625122
LINE -24.0 -0.8000034093856812 -24.69282341003418 -0.4000014066696167
LINE -23.307174682617188 -0.4000014066696167 -24.0 -0.8000034093856812
LINE -23.307174682617188 0.4000025987625122 -23.307174682617188 -0.4000014066696167
LINE -24.0 0.8000046014785767 -23.307174682617188 0.4000025987625122
LINE -20.692825317382812 0.4000025987625122 -20.0 0.8000046014785767
LINE -20.692825317382812 -0.4000014066696167 -20.692825317382812 0.4000025987625122
LINE -20.0 -0.8000034093856812 -20.692825317382812 -0.4000014066696167
LINE -19.30717658996582 -0.4000014066696167 -20.0 -0.8000034093856812
LINE -19.30717658996582 0.4000025987625122 -19.30717658996582 -0.4000014066696167
LINE -20.0 0.8000046014785767 -19.30717658996582 0.4000025987625122
LINE -16.692825317382812 0.4000025987625122 -16.0 0.8000046014785767
LINE -16.692825317382812 -0.4000014066696167 -16.692825317382812 0.4000025987625122
LINE -16.0 -0.8000034093856812 -16.692825317382812 -0.4000014066696167
LINE -15.307177543640137 -0.4000014066696167 -16.0 -0.8000034093856812
LINE -15.307177543640137 0.4000025987625122 -15.307177543640137 -0.4000014066696167
LINE -16.0 0.8000046014785767 -15.307177543640137 0.4000025987625122
LINE -12.692824363708496 0.4000025987625122 -12.0 0.8000046014785767
LINE -12.692824363708496 -0.4000014066696167 -12.692824363708496 0.4000025987625122
LINE -12.0 -0.8000034093856812 -12.692824363708496 -0.4000014066696167
LINE -11.307177543640137 -0.4000014066696167 -12.0 -0.8000034093856812
LINE -11.307177543640137 0.4000025987625122 -11.307177543640137 -0.4000014066696167
LINE -12.0 0.8000046014785767 -11.307177543640137 0.4000025987625122
LINE -8.692825317382812 0.4000025987625122 -7.999999523162842 0.8000046014785767
LINE -8.692825317382812 -0.4000014066696167 -8.692825317382812 0.4000025987625122
LINE -7.999999523162842 -0.8000034093856812 -8.692825317382812 -0.4000014066696167
LINE -7.30717658996582 -0.4000014066696167 -7.999999523162842 -0.8000034093856812
LINE -7.30717658996582 0.4000025987625122 -7.30717658996582 -0.4000014066696167
LINE -7.999999523162842 0.8000046014785767 -7.30717658996582 0.4000025987625122
LINE -4.692823886871338 0.4000025987625122 -3.9999985694885254 0.8000046014785767
LINE -4.692823886871338 -0.4000014066696167 -4.692823886871338 0.4000025987625122
LINE -3.9999985694885254 -0.8000034093856812 -4.692823886871338 -0.4000014066696167
LINE -3.307175636291504 -0.4000014066696167 -3.9999985694885254 -0.8000034093856812
LINE -3.307175636291504 0.4000025987625122 -3.307175636291504 -0.4000014066696167
LINE -3.9999985694885254 0.8000046014785767 -3.307175636291504 0.4000025987625122
LINE 1.3071762323379517 -1.599997878074646 2.0 -1.1999958753585815
LINE 1.3071763515472412 -2.4000020027160645 1.3071762323379517 -1.599997878074646
LINE 2.0 -2.800004005432129 1.3071763515472412 -2.4000020027160645
LINE 2.692823886871338 -2.4000020027160645 2.0 -2.800004005432129
LINE 2.692823886871338 -1.599997878074646 2.692823886871338 -2.4000020027160645
LINE 2.0 -1.1999958753585815 2.692823886871338 -1.599997878074646
LINE 5.307176113128662 -1.599997878074646 6.0 -1.1999958753585815
LINE 5.307176113128662 -2.4000020027160645 5.307176113128662 -1.599997878074646
LINE 6.0 -2.800004005432129 5.307176113128662 -2.4000020027160645
LINE 6.692823886871338 -2.4000020027160645 6.0 -2.800004005432129
LINE 6.692823886871338 -1.599997878074646 6.692823886871338 -2.4000020027160645
LINE 6.0 -1.1999958753585815 6.692823886871338 -1.599997878074646
LINE 9.30717658996582 -1.599997878074646 10.0 -1.1999958753585815
LINE 9.30717658996582 -2.4000020027160645 9.30717658996582 -1.599997878074646
LINE 10.0 -2.800004005432129 9.30717658996582 -2.4000020027160645
LINE 10.692824363708496 -2.4000020027160645 10.0 -2.800004005432129
LINE 10.692824363708496 -1.599997878074646 10.692824363708496 -2.4000020027160645
LINE 10.0 -1.1999958753585815 10.692824363708496 -1.599997878074646
LINE 13.30717658996582 -1.599997878074646 14.000000953674316 -1.1999958753585815
LINE 13.30717658996582 -2.4000020027160645 13.30717658996582 -1.599997878074646
LINE 14.000000953674316 -2.800004005432129 13.30717658996582 -2.4000020027160645
LINE 14.69282341003418 -2.4000020027160645 14.000000953674316 -2.800004005432129
LINE 14.69282341003418 -1.599997878074646 14.69282341003418 -2.4000020027160645
LINE 14.000000953674316 -1.1999958753585815 14.69282341003418 -1.599997878074646
LINE 17.30717658996582 -1.599997878074646 18.0 -1.1999958753585815
LINE 17.30717658996582 -2.4000020027160645 17.30717658996582 -1.599997878074646
LINE 18.0 -2.800004005432129 17.30717658996582 -2.4000020027160645
LINE 18.69282341003418 -2.4000020027160645 18.0 -2.800004005432129
LINE 18.69282341003418 -1.599997878074646 18.69282341003418 -2.4000020027160645
LINE 18.0 -1.1999958753585815 18.69282341003418 -1.599997878074646
LINE 21.307174682617188 -1.599997878074646 22.0 -1.1999958753585815
LINE 21.307174682617188 -2.4000020027160645 21.307174682617188 -1.599997878074646
LINE 22.0 -2.800004005432129 21.307174682617188 -2.4000020027160645
LINE 22.69282341003418 -2.4000020027160645 22.0 -2.800004005432129
LINE 22.69282341003418 -1.599997878074646 22.69282341003418 -2.4000020027160645
LINE 22.0 -1.1999958753585815 22.69282341003418 -1.599997878074646
LINE 25.30717658996582 -1.599997878074646 26.000001907348633 -1.1999958753585815
LINE 25.30717658996582 -2.4000020027160645 25.30717658996582 -1.599997878074646
LINE 26.000001907348633 -2.800004005432129 25.30717658996582 -2.4000020027160645
LINE 26.692825317382812 -2.4000020027160645 26.000001907348633 -2.800004005432129
LINE 26.692825317382812 -1.599997878074646 26.692825317382812 -2.4000020027160645
LINE 26.000001907348633 -1.1999958753585815 26.692825317382812 -1.599997878074646
LINE -26.692825317382812 -1.599997878074646 -26.0 -1.1999958753585815
LINE -26.692825317382812 -2.4000020027160645 -26.692825317382812 -1.599997878074646
LINE -26.0 -2.800004005432129 -26.692825317382812 -2.4000020027160645
LINE -25.30717658996582 -2.4000020027160645 -26.0 -2.800004005432129
LINE -25.30717658996582 -1.599997878074646 -25.30717658996582 -2.4000020027160645
LINE -26.0 -1.1999958753585815 -25.30717658996582 -1.599997878074646
LINE -22.69282341003418 -1.599997878074646 -22.0 -1.1999958753585815
LINE -22.69282341003418 -2.4000020027160645 -22.69282341003418 -1.599997878074646
LINE -22.0 -2.800004005432129 -22.69282341003418 -2.4000020027160645
LINE -21.307174682617188 -2.4000020027160645 -22.0 -2.800004005432129
LINE -21.307174682617188 -1.599997878074646 -21.307174682617188 -2.4000020027160645
LINE -22.0 -1.1999958753585815 -21.307174682617188 -1.599997878074646
LINE -18.692825317382812 -1.599997878074646 -18.0 -1.1999958753585815
LINE -18.692825317382812 -2.4000020027160645 -18.692825317382812 -1.599997878074646
LINE -18.0 -2.800004005432129 -18.692825317382812 -2.4000020027160645
LINE -17.30717658996582 -2.4000020027160645 -18.0 -2.800004005432129
LINE -17.30717658996582 -1.599997878074646 -17.30717658996582 -2.4000020027160645
LINE -18.0 -1.1999958753585815 -17.30717658996582 -1.599997878074646
LINE -14.69282341003418 -1.599997878074646 -14.0 -1.1999958753585815
LINE -14.69282341003418 -2.4000020027160645 -14.69282341003418 -1.599997878074646
LINE -14.0 -2.800004005432129 -14.69282341003418 -2.4000020027160645
LINE -13.30717658996582 -2.4000020027160645 -14.0 -2.800004005432129
LINE -13.30717658996582 -1.599997878074646 -13.30717658996582 -2.4000020027160645
LINE -14.0 -1.1999958753585815 -13.30717658996582 -1.599997878074646
LINE -10.692824363708496 -1.599997878074646 -10.0 -1.1999958753585815
LINE -10.692824363708496 -2.4000020027160645 -10.692824363708496 -1.599997878074646
LINE -10.0 -2.800004005432129 -10.692824363708496 -2.4000020027160645
LINE -9.307177543640137 -2.4000020027160645 -10.0 -2.800004005432129
LINE -9.307177543640137 -1.599997878074646 -9.307177543640137 -2.4000020027160645
LINE -10.0 -1.1999958753585815 -9.307177543640137 -1.599997878074646
LINE -6.692824840545654 -1.599997878074646 -5.999999523162842 -1.1999958753585815
LINE -6.692824840545654 -2.4000020027160645 -6.692824840545654 -1.599997878074646
LINE -5.999999523162842 -2.800004005432129 -6.692824840545654 -2.4000020027160645
LINE -5.30717658996582 -2.4000020027160645 -5.999999523162842 -2.800004005432129
LINE -5.30717658996582 -1.599997878074646 -5.30717658996582 -2.4000020027160645
LINE -5.999999523162842 -1.1999958753585815 -5.30717658996582 -1.599997878074646
LINE -2.692823886871338 -1.599997878074646 -1.9999985694885254 -1.1999958753585815
LINE -2.692823886871338 -2.4000020027160645 -2.692823886871338 -1.599997878074646
LINE -1.9999985694885254 -2.800004005432129 -2.692823886871338 -2.4000020027160645
LINE -1.307175636291504 -2.4000020027160645 -1.9999985694885254 -2.800004005432129
LINE -1.307175636291504 -1.599997878074646 -1.307175636291504 -2.4000020027160645
LINE -1.9999985694885254 -1.1999958753585815 -1.307175636291504 -1.599997878074646
LINE -0.6928238272666931 -3.5999975204467773 0.0 -3.199995517730713
LINE -0.6928237676620483 -4.400001525878906 -0.6928238272666931 -3.5999975204467773
LINE 6.993857226689215e-08 -4.800003528594971 -0.6928237676620483 -4.400001525878906
LINE 0.6928238272666931 -4.400001525878906 6.993857226689215e-08 -4.800003528594971
LINE 0.6928238272666931 -3.5999975204467773 0.6928238272666931 -4.400001525878906
LINE 0.0 -3.199995517730713 0.6928238272666931 -3.5999975204467773
LINE 3.307176113128662 -3.5999975204467773 4.0 -3.199995517730713
LINE 3.307176113128662 -4.400001525878906 3.307176113128662 -3.5999975204467773
LINE 4.0 -4.800003528594971 3.307176113128662 -4.400001525878906
LINE 4.692823886871338 -4.400001525878906 4.0 -4.800003528594971
LINE 4.692823886871338 -3.5999975204467773 4.692823886871338 -4.400001525878906
LINE 4.0 -3.199995517730713 4.692823886871338 -3.5999975204467773
LINE 7.30717658996582 -3.5999975204467773 8.0 -3.199995517730713
LINE 7.30717658996582 -4.400001525878906 7.30717658996582 -3.5999975204467773
LINE 8.0 -4.800003528594971 7.30717658996582 -4.400001525878906
LINE 8.69282341003418 -4.400001525878906 8.0 -4.800003528594971
LINE 8.69282341003418 -3.5999975204467773 8.69282341003418 -4.400001525878906
LINE 8.0 -3.199995517730713 8.69282341003418 -3.5999975204467773
LINE 11.30717658996582 -3.5999975204467773 12.0 -3.199995517730713
LINE 11.30717658996582 -4.400001525878906 11.30717658996582 -3.5999975204467773
LINE 12.0 -4.800003528594971 11.30717658996582 -4.400001525878906
LINE 12.69282341003418 -4.400001525878906 12.0 -4.800003528594971
LINE 12.69282341003418 -3.5999975204467773 12.69282341003418 -4.400001525878906
LINE 12.0 -3.199995517730713 12.69282341003418 -3.5999975204467773
LINE 15.30717658996582 -3.5999975204467773 16.0 -3.199995517730713
LINE 15.30717658996582 -4.400001525878906 15.30717658996582 -3.5999975204467773
LINE 16.0 -4.800003528594971 15.30717658996582 -4.400001525878906
LINE 16.69282341003418 -4.400001525878906 16.0 -4.800003528594971
LINE 16.69282341003418 -3.5999975204467773 16.69282341003418 -4.400001525878906
LINE 16.0 -3.199995517730713 16.69282341003418 -3.5999975204467773
LINE 19.30717658996582 -3.5999975204467773 20.0 -3.199995517730713
LINE 19.30717658996582 -4.400001525878906 19.30717658996582 -3.5999975204467773
LINE 20.0 -4.800003528594971 19.30717658996582 -4.400001525878906
LINE 20.69282341003418 -4.400001525878906 20.0 -4.800003528594971
LINE 20.69282341003418 -3.5999975204467773 20.69282341003418 -4.400001525878906
LINE 20.0 -3.199995517730713 20.69282341003418 -3.5999975204467773
LINE 23.307174682617188 -3.5999975204467773 24.0 -3.199995517730713
LINE 23.307174682617188 -4.400001525878906 23.307174682617188 -3.5999975204467773
LINE 24.0 -4.800003528594971 23.307174682617188 -4.400001525878906
LINE 24.69282341003418 -4.400001525878906 24.0 -4.800003528594971
LINE 24.69282341003418 -3.5999975204467773 24.69282341003418 -4.400001525878906
LINE 24.0 -3.199995517730713 24.69282341003418 -3.5999975204467773
LINE 27.30717658996582 -3.5999975204467773 28.000001907348633 -3.199995517730713
LINE 27.30717658996582 -4.400001525878906 27.30717658996582 -3.5999975204467773
LINE 28.000001907348633 -4.800003528594971 27.30717658996582 -4.400001525878906
LINE 28.692825317382812 -4.400001525878906 28.000001907348633 -4.800003528594971
LINE 28.692825317382812 -3.5999975204467773 28.692825317382812 -4.400001525878906
LINE 28.000001907348633 -3.199995517730713 28.692825317382812 -3.5999975204467773
LINE -28.692825317382812 -3.5999975204467773 -28.0 -3.199995517730713
LINE -28.692825317382812 -4.400001525878906 -28.692825317382812 -3.5999975204467773
LINE -28.0 -4.800003528594971 -28.692825317382812 -4.400001525878906
LINE -27.30717658996582 -4.400001525878906 -28.0 -4.800003528594971
LINE -27.30717658996582 -3.5999975204467773 -27.30717658996582 -4.400001525878906
LINE -28.0 -3.199995517730713 -27.30717658996582 -3.5999975204467773
LINE -24.69282341003418 -3.5999975204467773 -24.0 -3.199995517730713
LINE -24.69282341003418 -4.400001525878906 -24.69282341003418 -3.5999975204467773
LINE -24.0 -4.800003528594971 -24.69282341003418 -4.400001525878906
LINE -23.307174682617188 -4.400001525878906 -24.0 -4.800003528594971
LINE -23.307174682617188 -3.5999975204467773 -23.307174682617188 -4.400001525878906
LINE -24.0 -3.199995517730713 -23.307174682617188 -3.5999975204467773
LINE -20.692825317382812 -3.5999975204467773 -20.0 -3.199995517730713
LINE -20.692825317382812 -4.400001525878906 -20.692825317382812 -3.5999975204467773
LINE -20.0 -4.800003528594971 -20.692825317382812 -4.400001525878906
LINE -19.30717658996582 -4.400001525878906 -20.0 -4.800003528594971
LINE -19.30717658996582 -3.5999975204467773 -19.30717658996582 -4.400001525878906
LINE -20.0 -3.199995517730713 -19.30717658996582 -3.5999975204467773
LINE -16.692825317382812 -3.5999975204467773 -16.0 -3.199995517730713
LINE -16.692825317382812 -4.400001525878906 -16.692825317382812 -3.5999975204467773
LINE -16.0 -4.800003528594971 -16.692825317382812 -4.400001525878906
LINE -15.307177543640137 -4.400001525878906 -16.0 -4.800003528594971
LINE -15.307177543640137 -3.5999975204467773 -15.307177543640137 -4.400001525878906
LINE -16.0 -3.199995517730713 -15.307177543640137 -3.5999975204467773
LINE -12.692824363708496 -3.5999975204467773 -12.0 -3.199995517730713
LINE -12.692824363708496 -4.400001525878906 -12.692824363708496 -3.5999975204467773
LINE -12.0 -4.800003528594971 -12.692824363708496 -4.400001525878906
LINE -11.307177543640137 -4.400001525878906 -12.0 -4.800003528594971
LINE -11.307177543640137 -3.5999975204467773 -11.307177543640137 -4.400001525878906
LINE -12.0 -3.199995517730713 -11.307177543640137 -3.5999975204467773
LINE -8.692825317382812 -3.5999975204467773 -7.999999523162842 -3.199995517730713
LINE -8.692825317382812 -4.400001525878906 -8.692825317382812 -3.5999975204467773
LINE -7.999999523162842 -4.800003528594971 -8.692825317382812 -4.400001525878906
LINE -7.30717658996582 -4.400001525878906 -7.999999523162842 -4.800003528594971
LINE -7.30717658996582 -3.5999975204467773 -7.30717658996582 -4.400001525878906
LINE -7.999999523162842 -3.199995517730713 -7.30717658996582 -3.5999975204467773
LINE -4.692823886871338 -3.5999975204467773 -3.9999985694885254 -3.199995517730713
LINE -4.692823886871338 -4.400001525878906 -4.692823886871338 -3.5999975204467773
LINE -3.9999985694885254 -4.800003528594971 -4.692823886871338 -4.400001525878906
LINE -3.307175636291504 -4.400001525878906 -3.9999985694885254 -4.800003528594971
LINE -3.307175636291504 -3.5999975204467773 -3.307175636291504 -4.400001525878906
LINE -3.9999985694885254 -3.199995517730713 -3.307175636291504 -3.5999975204467773
LINE 1.3071762323379517 -5.599998474121094 2.0 -5.199995994567871
LINE 1.3071763515472412 -6.400002479553223 1.3071762323379517 -5.599998474121094
LINE 2.0 -6.800004005432129 1.3071763515472412 -6.400002479553223
LINE 2.692823886871338 -6.400002479553223 2.0 -6.800004005432129
LINE 2.692823886871338 -5.599998474121094 2.692823886871338 -6.400002479553223
LINE 2.0 -5.199995994567871 2.692823886871338 -5.599998474121094
LINE 5.307176113128662 -5.599998474121094 6.0 -5.199995994567871
LINE 5.307176113128662 -6.400002479553223 5.307176113128662 -5.599998474121094
LINE 6.0 -6.800004005432129 5.307176113128662 -6.400002479553223
LINE 6.692823886871338 -6.400002479553223 6.0 -6.800004005432129
LINE 6.692823886871338 -5.599998474121094 6.692823886871338 -6.400002479553223
LINE 6.0 -5.199995994567871 6.692823886871338 -5.599998474121094
LINE 9.30717658996582 -5.599998474121094 10.0 -5.199995994567871
LINE 9.30717658996582 -6.400002479553223 9.30717658996582 -5.599998474121094
LINE 10.0 -6.800004005432129 9.30717658996582 -6.400002479553223
LINE 10.692824363708496 -6.400002479553223 10.0 -6.800004005432129
LINE 10.692824363708496 -5.599998474121094 10.692824363708496 -6.400002479553223
LINE 10.0 -5.199995994567871 10.692824363708496 -5.599998474121094
LINE 13.30717658996582 -5.599998474121094 14.000000953674316 -5.199995994567871
LINE 13.30717658996582 -6.400002479553223 13.30717658996582 -5.599998474121094
LINE 14.000000953674316 -6.800004005432129 13.30717658996582 -6.400002479553223
LINE 14.69282341003418 -6.400002479553223 14.000000953674316 -6.800004005432129
LINE 14.69282341003418 -5.599998474121094 14.69282341003418 -6.400002479553223
LINE 14.000000953674316 -5.199995994567871 14.69282341003418 -5.599998474121094
LINE 17.30717658996582 -5.599998474121094 18.0 -5.199995994567871
LINE 17.30717658996582 -6.400002479553223 17.30717658996582 -5.599998474121094
LINE 18.0 -6.800004005432129 17.30717658996582 -6.400002479553223
LINE 18.69282341003418 -6.400002479553223 18.0 -6.800004005432129
LINE 18.69282341003418 -5.599998474121094 18.69282341003418 -6.400002479553223
LINE 18.0 -5.199995994567871 18.69282341003418 -5.599998474121094
LINE 21.307174682617188 -5.599998474121094 22.0 -5.199995994567871
LINE 21.307174682617188 -6.400002479553223 21.307174682617188 -5.599998474121094
LINE 22.0 -6.800004005432129 21.307174682617188 -6.400002479553223
LINE 22.69282341003418 -6.400002479553223 22.0 -6.800004005432129
LINE 22.69282341003418 -5.599998474121094 22.69282341003418 -6.400002479553223
LINE 22.0 -5.199995994567871 22.69282341003418 -5.599998474121094
LINE 25.30717658996582 -5.599998474121094 26.000001907348633 -5.199995994567871
LINE 25.30717658996582 -6.400002479553223 25.30717658996582 -5.599998474121094
LINE 26.000001907348633 -6.800004005432129 25.30717658996582 -6.400002479553223
LINE 26.692825317382812 -6.400002479553223 26.000001907348633 -6.800004005432129
LINE 26.692825317382812 -5.599998474121094 26.692825317382812 -6.400002479553223
LINE 26.000001907348633 -5.199995994567871 26.692825317382812 -5.599998474121094
LINE -26.692825317382812 -5.599998474121094 -26.0 -5.199995994567871
LINE -26.692825317382812 -6.400002479553223 -26.692825317382812 -5.599998474121094
LINE -26.0 -6.800004005432129 -26.692825317382812 -6.400002479553223
LINE -25.30717658996582 -6.400002479553223 -26.0 -6.800004005432129
LINE -25.30717658996582 -5.599998474121094 -25.30717658996582 -6.400002479553223
LINE -26.0 -5.199995994567871 -25.30717658996582 -5.599998474121094
LINE -22.69282341003418 -5.599998474121094 -22.0 -5.199995994567871
LINE -22.69282341003418 -6.400002479553223 -22.69282341003418 -5.599998474121094
LINE -22.0 -6.800004005432129 -22.69282341003418 -6.400002479553223
LINE -21.307174682617188 -6.400002479553223 -22.0 -6.800004005432129
LINE -21.307174682617188 -5.599998474121094 -21.307174682617188 -6.400002479553223
LINE -22.0 -5.199995994567871 -21.307174682617188 -5.599998474121094
LINE -18.692825317382812 -5.599998474121094 -18.0 -5.199995994567871
LINE -18.692825317382812 -6.400002479553223 -18.692825317382812 -5.599998474121094
LINE -18.0 -6.800004005432129 -18.692825317382812 -6.400002479553223
LINE -17.30717658996582 -6.400002479553223 -18.0 -6.800004005432129
LINE -17.30717658996582 -5.599998474121094 -17.30717658996582 -6.400002479553223
LINE -18.0 -5.199995994567871 -17.30717658996582 -5.599998474121094
LINE -14.69282341003418 -5.599998474121094 -14.0 -5.199995994567871
LINE -14.69282341003418 -6.400002479553223 -14.69282341003418 -5.599998474121094
LINE -14.0 -6.800004005432129 -14.69282341003418 -6.400002479553223
LINE -13.30717658996582 -6.400002479553223 -14.0 -6.800004005432129
LINE -13.30717658996582 -5.599998474121094 -13.30717658996582 -6.400002479553223
LINE -14.0 -5.199995994567871 -13.30717658996582 -5.599998474121094
LINE -10.692824363708496 -5.599998474121094 -10.0 -5.199995994567871
LINE -10.692824363708496 -6.400002479553223 -10.692824363708496 -5.599998474121094
LINE -10.0 -6.800004005432129 -10.692824363708496 -6.400002479553223
LINE -9.307177543640137 -6.400002479553223 -10.0 -6.800004005432129
LINE -9.307177543640137 -5.599998474121094 -9.307177543640137 -6.400002479553223
LINE -10.0 -5.199995994567871 -9.307177543640137 -5.599998474121094
LINE -6.692824840545654 -5.599998474121094 -5.999999523162842 -5.199995994567871
LINE -6.692824840545654 -6.400002479553223 -6.692824840545654 -5.599998474121094
LINE -5.999999523162842 -6.800004005432129 -6.692824840545654 -6.400002479553223
LINE -5.30717658996582 -6.400002479553223 -5.999999523162842 -6.800004005432129
LINE -5.30717658996582 -5.599998474121094 -5.30717658996582 -6.400002479553223
LINE -5.999999523162842 -5.199995994567871 -5.30717658996582 -5.599998474121094
LINE -2.692823886871338 -5.599998474121094 -1.9999985694885254 -5.199995994567871
LINE -2.692823886871338 -6.400002479553223 -2.692823886871338 -5.599998474121094
LINE -1.9999985694885254 -6.800004005432129 -2.692823886871338 -6.400002479553223
LINE -1.307175636291504 -6.400002479553223 -1.9999985694885254 -6.800004005432129
LINE -1.307175636291504 -5.599998474121094 -1.307175636291504 -6.400002479553223
LINE -1.9999985694885254 -5.199995994567871 -1.307175636291504 -5.599998474121094
LINE 1.5999999046325684 -8.814023971557617 2.3999998569488525 -8.814023971557617
LINE 5.599999904632568 -8.814023971557617 6.399999618530273 -8.814023971557617
LINE 9.59999942779541 -8.814023971557617 10.399999618530273 -8.814023971557617
LINE 13.600001335144043 -8.814023971557617 14.400001525878906 -8.814023971557617
LINE 17.600000381469727 -8.814023971557617 18.400001525878906 -8.814023971557617
LINE 21.600000381469727 -8.814023971557617 22.399999618530273 -8.814023971557617
LINE 25.60000228881836 -8.814023971557617 26.400001525878906 -8.814023971557617
LINE -26.39999771118164 -8.814023971557617 -25.599998474121094 -8.814023971557617
LINE -22.399999618530273 -8.814023971557617 -21.600000381469727 -8.814023971557617
LINE -18.399999618530273 -8.814023971557617 -17.599998474121094 -8.814023971557617
LINE -14.399999618530273 -8.814023971557617 -13.599998474121094 -8.814023971557617
LINE -10.399999618530273 -8.814023971557617 -9.59999942779541 -8.814023971557617
LINE -6.399999618530273 -8.814023971557617 -5.599999904632568 -8.814023971557617
LINE -2.399998664855957 -8.814023971557617 -1.5999985933303833 -8.814023971557617
LINE 1.5999999046325684 -41.717987060546875 2.3999998569488525 -41.717987060546875
LINE 5.599999904632568 -41.717987060546875 6.399999618530273 -41.717987060546875
LINE 9.59999942779541 -41.717987060546875 10.399999618530273 -41.717987060546875
LINE 13.600001335144043 -41.717987060546875 14.400001525878906 -41.717987060546875
LINE 17.600000381469727 -41.717987060546875 18.400001525878906 -41.717987060546875
LINE 21.600000381469727 -41.717987060546875 22.399999618530273 -41.717987060546875
LINE 25.60000228881836 -41.717987060546875 26.400001525878906 -41.717987060546875
LINE -26.39999771118164 -41.717987060546875 -25.599998474121094 -41.717987060546875
LINE -22.399999618530273 -41.717987060546875 -21.600000381469727 -41.717987060546875
LINE -18.399999618530273 -41.717987060546875 -17.599998474121094 -41.717987060546875
LINE -14.399999618530273 -41.717987060546875 -13.599998474121094 -41.717987060546875
LINE -10.399999618530273 -41.717987060546875 -9.59999942779541 -41.717987060546875
LINE -6.399999618530273 -41.717987060546875 -5.599999904632568 -41.717987060546875
LINE -2.399998664855957 -41.717987060546875 -1.5999985933303833 -41.717987060546875
LINE -5.599999904632568 -8.814023971557617 -5.599999904632568 -41.717987060546875
LINE -6.399999618530273 -41.717987060546875 -6.399999618530273 -8.814023971557617
LINE 22.399999618530273 -8.814023971557617 22.399999618530273 -41.717987060546875
LINE 21.600000381469727 -41.717987060546875 21.600000381469727 -8.814023971557617
LINE -1.5999985933303833 -8.814023971557617 -1.5999985933303833 -41.717987060546875
LINE -2.399998664855957 -41.717987060546875 -2.399998664855957 -8.814023971557617
LINE 26.400001525878906 -8.814023971557617 26.400001525878906 -41.717987060546875
LINE 25.60000228881836 -41.717987060546875 25.60000228881836 -8.814023971557617
LINE -25.599998474121094 -8.814023971557617 -25.599998474121094 -41.717987060546875
LINE -26.39999771118164 -41.717987060546875 -26.39999771118164 -8.814023971557617
LINE 2.3999998569488525 -8.814023971557617 2.3999998569488525 -41.717987060546875
LINE 1.5999999046325684 -41.717987060546875 1.5999999046325684 -8.814023971557617
LINE -21.600000381469727 -8.814023971557617 -21.600000381469727 -41.717987060546875
LINE -22.399999618530273 -41.717987060546875 -22.399999618530273 -8.814023971557617
LINE 6.399999618530273 -8.814023971557617 6.399999618530273 -41.717987060546875
LINE 5.599999904632568 -41.717987060546875 5.599999904632568 -8.814023971557617
LINE -17.599998474121094 -8.814023971557617 -17.599998474121094 -41.717987060546875
LINE -18.399999618530273 -41.717987060546875 -18.399999618530273 -8.814023971557617
LINE 10.399999618530273 -8.814023971557617 10.399999618530273 -41.717987060546875
LINE 9.59999942779541 -41.717987060546875 9.59999942779541 -8.814023971557617
LINE -13.599998474121094 -8.814023971557617 -13.599998474121094 -41.717987060546875
LINE -14.399999618530273 -41.717987060546875 -14.399999618530273 -8.814023971557617
LINE 14.400001525878906 -8.814023971557617 14.400001525878906 -41.717987060546875
LINE 13.600001335144043 -41.717987060546875 13.600001335144043 -8.814023971557617
LINE -9.59999942779541 -8.814023971557617 -9.59999942779541 -41.717987060546875
LINE -10.399999618530273 -41.717987060546875 -10.399999618530273 -8.814023971557617
LINE 18.400001525878906 -8.814023971557617 18.400001525878906 -41.717987060546875
LINE 17.600000381469727 -41.717987060546875 17.600000381469727 -8.814023971557617
END
