SIZE 1000 800 -50 40 50 -40
TITLE Test
GRAVITY
LINE -45 -35 45 -35 0 0
LINE -45 -35 -45 35 0 0
LINE 45 -35 45 35 0 0
LINE -45 35 45 35 0 0
LINE 22.5 30.0 21.368 25.7143 12.9147 32.3146
LINE 21.368 25.7143 18.4166 21.4286 11.0 29.9785
LINE 18.4166 21.4286 14.3724 17.1429 10.0168 26.5951
LINE 14.3724 17.1429 9.962 12.8571 8.0561 24.1054
LINE 9.962 12.8571 5.912 8.5714 5.1628 20.199
LINE 5.912 8.5714 2.9491 4.2857 1.9154 15.8891
LINE 2.9491 4.2857 1.8 0.0 -2.5715 10.1257
LINE 1.8 0.0 2.9491 -4.2857 -3.7333 -3.3708
LINE 2.9491 -4.2857 5.912 -8.5714 -2.1915 -12.2688
LINE 5.912 -8.5714 9.962 -12.8571 1.4415 -15.8043
LINE 9.962 -12.8571 14.3724 -17.1429 5.8055 -21.0074
LINE 14.3724 -17.1429 18.4166 -21.4286 9.5521 -24.9409
LINE 18.4166 -21.4286 21.368 -25.7143 14.3169 -28.407
LINE 21.368 -25.7143 22.5 -30.0 17.6879 -29.8024
LINE -22.5 30.0 -21.368 25.7143 -12.9147 32.3146
LINE -21.368 25.7143 -18.4166 21.4286 -11.0 29.9785
LINE -18.4166 21.4286 -14.3724 17.1429 -10.0168 26.5951
LINE -14.3724 17.1429 -9.962 12.8571 -8.0561 24.1054
LINE -9.962 12.8571 -5.912 8.5714 -5.1628 20.199
LINE -5.912 8.5714 -2.9491 4.2857 -1.9154 15.8891
LINE -2.9491 4.2857 -1.8 0.0 2.5715 10.1257
LINE -1.8 0.0 -2.9491 -4.2857 3.7333 -3.3708
LINE -2.9491 -4.2857 -5.912 -8.5714 2.1915 -12.2688
LINE -5.912 -8.5714 -9.962 -12.8571 -1.4415 -15.8043
LINE -9.962 -12.8571 -14.3724 -17.1429 -5.8055 -21.0074
LINE -14.3724 -17.1429 -18.4166 -21.4286 -9.5521 -24.9409
LINE -18.4166 -21.4286 -21.368 -25.7143 -14.3169 -28.407
LINE -21.368 -25.7143 -22.5 -30.0 -17.6879 -29.8024
LINE -22.5 -30 22.5 -30 0 0
LINE -22.5 30 22.5 30 0 0
PARTICLE 1 0.5 -18.027700424194336 27.041545867919922
PARTICLE 1 0.5 -17.027700424194336 27.041545867919922
PARTICLE 1 0.5 -16.027700424194336 27.041545867919922
PARTICLE 1 0.5 -15.027700424194336 27.041545867919922
PARTICLE 1 0.5 -14.027700424194336 27.041545867919922
PARTICLE 1 0.5 -13.027700424194336 27.041545867919922
PARTICLE 1 0.5 -12.027700424194336 27.041545867919922
PARTICLE 1 0.5 -11.027700424194336 27.041545867919922
PARTICLE 1 0.5 -10.027700424194336 27.041545867919922
PARTICLE 1 0.5 -9.027700424194336 27.041545867919922
PARTICLE 1 0.5 -8.027700424194336 27.041545867919922
PARTICLE 1 0.5 -7.027700424194336 27.041545867919922
PARTICLE 1 0.5 -6.027700424194336 27.041545867919922
PARTICLE 1 0.5 -5.027700424194336 27.041545867919922
PARTICLE 1 0.5 -4.027700424194336 27.041545867919922
PARTICLE 1 0.5 -3.027700424194336 27.041545867919922
PARTICLE 1 0.5 -2.027700424194336 27.041545867919922
PARTICLE 1 0.5 -1.027700424194336 27.041545867919922
PARTICLE 1 0.5 -0.027700424194335938 27.041545867919922
PARTICLE 1 0.5 0.9722995758056641 27.041545867919922
PARTICLE 1 0.5 1.972299575805664 27.041545867919922
PARTICLE 1 0.5 2.972299575805664 27.041545867919922
PARTICLE 1 0.5 3.972299575805664 27.041545867919922
PARTICLE 1 0.5 4.972299575805664 27.041545867919922
PARTICLE 1 0.5 5.972299575805664 27.041545867919922
PARTICLE 1 0.5 6.972299575805664 27.041545867919922
PARTICLE 1 0.5 7.972299575805664 27.041545867919922
PARTICLE 1 0.5 8.972299575805664 27.041545867919922
PARTICLE 1 0.5 9.972299575805664 27.041545867919922
PARTICLE 1 0.5 10.972299575805664 27.041545867919922
PARTICLE 1 0.5 11.972299575805664 27.041545867919922
PARTICLE 1 0.5 12.972299575805664 27.041545867919922
PARTICLE 1 0.5 13.972299575805664 27.041545867919922
PARTICLE 1 0.5 14.972299575805664 27.041545867919922
PARTICLE 1 0.5 15.972299575805664 27.041545867919922
PARTICLE 1 0.5 16.972299575805664 27.041545867919922
PARTICLE 1 0.5 -18.027700424194336 26.041545867919922
PARTICLE 1 0.5 -17.027700424194336 26.041545867919922
PARTICLE 1 0.5 -16.027700424194336 26.041545867919922
PARTICLE 1 0.5 -15.027700424194336 26.041545867919922
PARTICLE 1 0.5 -14.027700424194336 26.041545867919922
PARTICLE 1 0.5 -13.027700424194336 26.041545867919922
PARTICLE 1 0.5 -12.027700424194336 26.041545867919922
PARTICLE 1 0.5 -11.027700424194336 26.041545867919922
PARTICLE 1 0.5 -10.027700424194336 26.041545867919922
PARTICLE 1 0.5 -9.027700424194336 26.041545867919922
PARTICLE 1 0.5 -8.027700424194336 26.041545867919922
PARTICLE 1 0.5 -7.027700424194336 26.041545867919922
PARTICLE 1 0.5 -6.027700424194336 26.041545867919922
PARTICLE 1 0.5 -5.027700424194336 26.041545867919922
PARTICLE 1 0.5 -4.027700424194336 26.041545867919922
PARTICLE 1 0.5 -3.027700424194336 26.041545867919922
PARTICLE 1 0.5 -2.027700424194336 26.041545867919922
PARTICLE 1 0.5 -1.027700424194336 26.041545867919922
PARTICLE 1 0.5 -0.027700424194335938 26.041545867919922
PARTICLE 1 0.5 0.9722995758056641 26.041545867919922
PARTICLE 1 0.5 1.972299575805664 26.041545867919922
PARTICLE 1 0.5 2.972299575805664 26.041545867919922
PARTICLE 1 0.5 3.972299575805664 26.041545867919922
PARTICLE 1 0.5 4.972299575805664 26.041545867919922
PARTICLE 1 0.5 5.972299575805664 26.041545867919922
PARTICLE 1 0.5 6.972299575805664 26.041545867919922
PARTICLE 1 0.5 7.972299575805664 26.041545867919922
PARTICLE 1 0.5 8.972299575805664 26.041545867919922
PARTICLE 1 0.5 9.972299575805664 26.041545867919922
PARTICLE 1 0.5 10.972299575805664 26.041545867919922
PARTICLE 1 0.5 11.972299575805664 26.041545867919922
PARTICLE 1 0.5 12.972299575805664 26.041545867919922
PARTICLE 1 0.5 13.972299575805664 26.041545867919922
PARTICLE 1 0.5 14.972299575805664 26.041545867919922
PARTICLE 1 0.5 15.972299575805664 26.041545867919922
PARTICLE 1 0.5 16.972299575805664 26.041545867919922
PARTICLE 1 0.5 -18.027700424194336 25.041545867919922
PARTICLE 1 0.5 -17.027700424194336 25.041545867919922
PARTICLE 1 0.5 -16.027700424194336 25.041545867919922
PARTICLE 1 0.5 -15.027700424194336 25.041545867919922
PARTICLE 1 0.5 -14.027700424194336 25.041545867919922
PARTICLE 1 0.5 -13.027700424194336 25.041545867919922
PARTICLE 1 0.5 -12.027700424194336 25.041545867919922
PARTICLE 1 0.5 -11.027700424194336 25.041545867919922
PARTICLE 1 0.5 -10.027700424194336 25.041545867919922
PARTICLE 1 0.5 -9.027700424194336 25.041545867919922
PARTICLE 1 0.5 -8.027700424194336 25.041545867919922
PARTICLE 1 0.5 -7.027700424194336 25.041545867919922
PARTICLE 1 0.5 -6.027700424194336 25.041545867919922
PARTICLE 1 0.5 -5.027700424194336 25.041545867919922
PARTICLE 1 0.5 -4.027700424194336 25.041545867919922
PARTICLE 1 0.5 -3.027700424194336 25.041545867919922
PARTICLE 1 0.5 -2.027700424194336 25.041545867919922
PARTICLE 1 0.5 -1.027700424194336 25.041545867919922
PARTICLE 1 0.5 -0.027700424194335938 25.041545867919922
PARTICLE 1 0.5 0.9722995758056641 25.041545867919922
PARTICLE 1 0.5 1.972299575805664 25.041545867919922
PARTICLE 1 0.5 2.972299575805664 25.041545867919922
PARTICLE 1 0.5 3.972299575805664 25.041545867919922
PARTICLE 1 0.5 4.972299575805664 25.041545867919922
PARTICLE 1 0.5 5.972299575805664 25.041545867919922
PARTICLE 1 0.5 6.972299575805664 25.041545867919922
PARTICLE 1 0.5 7.972299575805664 25.041545867919922
PARTICLE 1 0.5 8.972299575805664 25.041545867919922
PARTICLE 1 0.5 9.972299575805664 25.041545867919922
PARTICLE 1 0.5 10.972299575805664 25.041545867919922
PARTICLE 1 0.5 11.972299575805664 25.041545867919922
PARTICLE 1 0.5 12.972299575805664 25.041545867919922
PARTICLE 1 0.5 13.972299575805664 25.041545867919922
PARTICLE 1 0.5 14.972299575805664 25.041545867919922
PARTICLE 1 0.5 15.972299575805664 25.041545867919922
PARTICLE 1 0.5 16.972299575805664 25.041545867919922
PARTICLE 1 0.5 -18.027700424194336 24.041545867919922
PARTICLE 1 0.5 -17.027700424194336 24.041545867919922
PARTICLE 1 0.5 -16.027700424194336 24.041545867919922
PARTICLE 1 0.5 -15.027700424194336 24.041545867919922
PARTICLE 1 0.5 -14.027700424194336 24.041545867919922
PARTICLE 1 0.5 -13.027700424194336 24.041545867919922
PARTICLE 1 0.5 -12.027700424194336 24.041545867919922
PARTICLE 1 0.5 -11.027700424194336 24.041545867919922
PARTICLE 1 0.5 -10.027700424194336 24.041545867919922
PARTICLE 1 0.5 -9.027700424194336 24.041545867919922
PARTICLE 1 0.5 -8.027700424194336 24.041545867919922
PARTICLE 1 0.5 -7.027700424194336 24.041545867919922
PARTICLE 1 0.5 -6.027700424194336 24.041545867919922
PARTICLE 1 0.5 -5.027700424194336 24.041545867919922
PARTICLE 1 0.5 -4.027700424194336 24.041545867919922
PARTICLE 1 0.5 -3.027700424194336 24.041545867919922
PARTICLE 1 0.5 -2.027700424194336 24.041545867919922
PARTICLE 1 0.5 -1.027700424194336 24.041545867919922
PARTICLE 1 0.5 -0.027700424194335938 24.041545867919922
PARTICLE 1 0.5 0.9722995758056641 24.041545867919922
PARTICLE 1 0.5 1.972299575805664 24.041545867919922
PARTICLE 1 0.5 2.972299575805664 24.041545867919922
PARTICLE 1 0.5 3.972299575805664 24.041545867919922
PARTICLE 1 0.5 4.972299575805664 24.041545867919922
PARTICLE 1 0.5 5.972299575805664 24.041545867919922
PARTICLE 1 0.5 6.972299575805664 24.041545867919922
PARTICLE 1 0.5 7.972299575805664 24.041545867919922
PARTICLE 1 0.5 8.972299575805664 24.041545867919922
PARTICLE 1 0.5 9.972299575805664 24.041545867919922
PARTICLE 1 0.5 10.972299575805664 24.041545867919922
PARTICLE 1 0.5 11.972299575805664 24.041545867919922
PARTICLE 1 0.5 12.972299575805664 24.041545867919922
PARTICLE 1 0.5 13.972299575805664 24.041545867919922
PARTICLE 1 0.5 14.972299575805664 24.041545867919922
PARTICLE 1 0.5 15.972299575805664 24.041545867919922
PARTICLE 1 0.5 16.972299575805664 24.041545867919922
PARTICLE 1 0.5 -18.027700424194336 23.041545867919922
PARTICLE 1 0.5 -17.027700424194336 23.041545867919922
PARTICLE 1 0.5 -16.027700424194336 23.041545867919922
PARTICLE 1 0.5 -15.027700424194336 23.041545867919922
PARTICLE 1 0.5 -14.027700424194336 23.041545867919922
PARTICLE 1 0.5 -13.027700424194336 23.041545867919922
PARTICLE 1 0.5 -12.027700424194336 23.041545867919922
PARTICLE 1 0.5 -11.027700424194336 23.041545867919922
PARTICLE 1 0.5 -10.027700424194336 23.041545867919922
PARTICLE 1 0.5 -9.027700424194336 23.041545867919922
PARTICLE 1 0.5 -8.027700424194336 23.041545867919922
PARTICLE 1 0.5 -7.027700424194336 23.041545867919922
PARTICLE 1 0.5 -6.027700424194336 23.041545867919922
PARTICLE 1 0.5 -5.027700424194336 23.041545867919922
PARTICLE 1 0.5 -4.027700424194336 23.041545867919922
PARTICLE 1 0.5 -3.027700424194336 23.041545867919922
PARTICLE 1 0.5 -2.027700424194336 23.041545867919922
PARTICLE 1 0.5 -1.027700424194336 23.041545867919922
PARTICLE 1 0.5 -0.027700424194335938 23.041545867919922
PARTICLE 1 0.5 0.9722995758056641 23.041545867919922
PARTICLE 1 0.5 1.972299575805664 23.041545867919922
PARTICLE 1 0.5 2.972299575805664 23.041545867919922
PARTICLE 1 0.5 3.972299575805664 23.041545867919922
PARTICLE 1 0.5 4.972299575805664 23.041545867919922
PARTICLE 1 0.5 5.972299575805664 23.041545867919922
PARTICLE 1 0.5 6.972299575805664 23.041545867919922
PARTICLE 1 0.5 7.972299575805664 23.041545867919922
PARTICLE 1 0.5 8.972299575805664 23.041545867919922
PARTICLE 1 0.5 9.972299575805664 23.041545867919922
PARTICLE 1 0.5 10.972299575805664 23.041545867919922
PARTICLE 1 0.5 11.972299575805664 23.041545867919922
PARTICLE 1 0.5 12.972299575805664 23.041545867919922
PARTICLE 1 0.5 13.972299575805664 23.041545867919922
PARTICLE 1 0.5 14.972299575805664 23.041545867919922
PARTICLE 1 0.5 15.972299575805664 23.041545867919922
PARTICLE 1 0.5 16.972299575805664 23.041545867919922
PARTICLE 1 0.5 -18.027700424194336 22.041545867919922
PARTICLE 1 0.5 -17.027700424194336 22.041545867919922
PARTICLE 1 0.5 -16.027700424194336 22.041545867919922
PARTICLE 1 0.5 -15.027700424194336 22.041545867919922
PARTICLE 1 0.5 -14.027700424194336 22.041545867919922
PARTICLE 1 0.5 -13.027700424194336 22.041545867919922
PARTICLE 1 0.5 -12.027700424194336 22.041545867919922
PARTICLE 1 0.5 -11.027700424194336 22.041545867919922
PARTICLE 1 0.5 -10.027700424194336 22.041545867919922
PARTICLE 1 0.5 -9.027700424194336 22.041545867919922
PARTICLE 1 0.5 -8.027700424194336 22.041545867919922
PARTICLE 1 0.5 -7.027700424194336 22.041545867919922
PARTICLE 1 0.5 -6.027700424194336 22.041545867919922
PARTICLE 1 0.5 -5.027700424194336 22.041545867919922
PARTICLE 1 0.5 -4.027700424194336 22.041545867919922
PARTICLE 1 0.5 -3.027700424194336 22.041545867919922
PARTICLE 1 0.5 -2.027700424194336 22.041545867919922
PARTICLE 1 0.5 -1.027700424194336 22.041545867919922
PARTICLE 1 0.5 -0.027700424194335938 22.041545867919922
PARTICLE 1 0.5 0.9722995758056641 22.041545867919922
PARTICLE 1 0.5 1.972299575805664 22.041545867919922
PARTICLE 1 0.5 2.972299575805664 22.041545867919922
PARTICLE 1 0.5 3.972299575805664 22.041545867919922
PARTICLE 1 0.5 4.972299575805664 22.041545867919922
PARTICLE 1 0.5 5.972299575805664 22.041545867919922
PARTICLE 1 0.5 6.972299575805664 22.041545867919922
PARTICLE 1 0.5 7.972299575805664 22.041545867919922
PARTICLE 1 0.5 8.972299575805664 22.041545867919922
PARTICLE 1 0.5 9.972299575805664 22.041545867919922
PARTICLE 1 0.5 10.972299575805664 22.041545867919922
PARTICLE 1 0.5 11.972299575805664 22.041545867919922
PARTICLE 1 0.5 12.972299575805664 22.041545867919922
PARTICLE 1 0.5 13.972299575805664 22.041545867919922
PARTICLE 1 0.5 14.972299575805664 22.041545867919922
PARTICLE 1 0.5 15.972299575805664 22.041545867919922
PARTICLE 1 0.5 16.972299575805664 22.041545867919922
PARTICLE 1 0.5 -18.027700424194336 29.041545867919922
PARTICLE 1 0.5 -17.027700424194336 29.041545867919922
PARTICLE 1 0.5 -16.027700424194336 29.041545867919922
PARTICLE 1 0.5 -15.027700424194336 29.041545867919922
PARTICLE 1 0.5 -14.027700424194336 29.041545867919922
PARTICLE 1 0.5 -13.027700424194336 29.041545867919922
PARTICLE 1 0.5 -12.027700424194336 29.041545867919922
PARTICLE 1 0.5 -11.027700424194336 29.041545867919922
PARTICLE 1 0.5 -10.027700424194336 29.041545867919922
PARTICLE 1 0.5 -9.027700424194336 29.041545867919922
PARTICLE 1 0.5 -8.027700424194336 29.041545867919922
PARTICLE 1 0.5 -7.027700424194336 29.041545867919922
PARTICLE 1 0.5 -6.027700424194336 29.041545867919922
PARTICLE 1 0.5 -5.027700424194336 29.041545867919922
PARTICLE 1 0.5 -4.027700424194336 29.041545867919922
PARTICLE 1 0.5 -3.027700424194336 29.041545867919922
PARTICLE 1 0.5 -2.027700424194336 29.041545867919922
PARTICLE 1 0.5 -1.027700424194336 29.041545867919922
PARTICLE 1 0.5 -0.027700424194335938 29.041545867919922
PARTICLE 1 0.5 0.9722995758056641 29.041545867919922
PARTICLE 1 0.5 1.972299575805664 29.041545867919922
PARTICLE 1 0.5 2.972299575805664 29.041545867919922
PARTICLE 1 0.5 3.972299575805664 29.041545867919922
PARTICLE 1 0.5 4.972299575805664 29.041545867919922
PARTICLE 1 0.5 5.972299575805664 29.041545867919922
PARTICLE 1 0.5 6.972299575805664 29.041545867919922
PARTICLE 1 0.5 7.972299575805664 29.041545867919922
PARTICLE 1 0.5 8.972299575805664 29.041545867919922
PARTICLE 1 0.5 9.972299575805664 29.041545867919922
PARTICLE 1 0.5 10.972299575805664 29.041545867919922
PARTICLE 1 0.5 11.972299575805664 29.041545867919922
PARTICLE 1 0.5 12.972299575805664 29.041545867919922
PARTICLE 1 0.5 13.972299575805664 29.041545867919922
PARTICLE 1 0.5 14.972299575805664 29.041545867919922
PARTICLE 1 0.5 15.972299575805664 29.041545867919922
PARTICLE 1 0.5 16.972299575805664 29.041545867919922
PARTICLE 1 0.5 -18.027700424194336 28.041545867919922
PARTICLE 1 0.5 -17.027700424194336 28.041545867919922
PARTICLE 1 0.5 -16.027700424194336 28.041545867919922
PARTICLE 1 0.5 -15.027700424194336 28.041545867919922
PARTICLE 1 0.5 -14.027700424194336 28.041545867919922
PARTICLE 1 0.5 -13.027700424194336 28.041545867919922
PARTICLE 1 0.5 -12.027700424194336 28.041545867919922
PARTICLE 1 0.5 -11.027700424194336 28.041545867919922
PARTICLE 1 0.5 -10.027700424194336 28.041545867919922
PARTICLE 1 0.5 -9.027700424194336 28.041545867919922
PARTICLE 1 0.5 -8.027700424194336 28.041545867919922
PARTICLE 1 0.5 -7.027700424194336 28.041545867919922
PARTICLE 1 0.5 -6.027700424194336 28.041545867919922
PARTICLE 1 0.5 -5.027700424194336 28.041545867919922
PARTICLE 1 0.5 -4.027700424194336 28.041545867919922
PARTICLE 1 0.5 -3.027700424194336 28.041545867919922
PARTICLE 1 0.5 -2.027700424194336 28.041545867919922
PARTICLE 1 0.5 -1.027700424194336 28.041545867919922
PARTICLE 1 0.5 -0.027700424194335938 28.041545867919922
PARTICLE 1 0.5 0.9722995758056641 28.041545867919922
PARTICLE 1 0.5 1.972299575805664 28.041545867919922
PARTICLE 1 0.5 2.972299575805664 28.041545867919922
PARTICLE 1 0.5 3.972299575805664 28.041545867919922
PARTICLE 1 0.5 4.972299575805664 28.041545867919922
PARTICLE 1 0.5 5.972299575805664 28.041545867919922
PARTICLE 1 0.5 6.972299575805664 28.041545867919922
PARTICLE 1 0.5 7.972299575805664 28.041545867919922
PARTICLE 1 0.5 8.972299575805664 28.041545867919922
PARTICLE 1 0.5 9.972299575805664 28.041545867919922
PARTICLE 1 0.5 10.972299575805664 28.041545867919922
PARTICLE 1 0.5 11.972299575805664 28.041545867919922
PARTICLE 1 0.5 12.972299575805664 28.041545867919922
PARTICLE 1 0.5 13.972299575805664 28.041545867919922
PARTICLE 1 0.5 14.972299575805664 28.041545867919922
PARTICLE 1 0.5 15.972299575805664 28.041545867919922
PARTICLE 1 0.5 16.972299575805664 28.041545867919922
PARTICLE 1 0.5 -16.027700424194336 21.041545867919922
PARTICLE 1 0.5 -15.027700424194336 21.041545867919922
PARTICLE 1 0.5 -14.027700424194336 21.041545867919922
PARTICLE 1 0.5 -13.027700424194336 21.041545867919922
PARTICLE 1 0.5 -12.027700424194336 21.041545867919922
PARTICLE 1 0.5 -11.027700424194336 21.041545867919922
PARTICLE 1 0.5 -10.027700424194336 21.041545867919922
PARTICLE 1 0.5 -9.027700424194336 21.041545867919922
PARTICLE 1 0.5 -8.027700424194336 21.041545867919922
PARTICLE 1 0.5 -7.027700424194336 21.041545867919922
PARTICLE 1 0.5 -6.027700424194336 21.041545867919922
PARTICLE 1 0.5 -5.027700424194336 21.041545867919922
PARTICLE 1 0.5 -4.027700424194336 21.041545867919922
PARTICLE 1 0.5 -3.027700424194336 21.041545867919922
PARTICLE 1 0.5 -2.027700424194336 21.041545867919922
PARTICLE 1 0.5 -1.027700424194336 21.041545867919922
PARTICLE 1 0.5 -0.027700424194335938 21.041545867919922
PARTICLE 1 0.5 0.9722995758056641 21.041545867919922
PARTICLE 1 0.5 1.972299575805664 21.041545867919922
PARTICLE 1 0.5 2.972299575805664 21.041545867919922
PARTICLE 1 0.5 3.972299575805664 21.041545867919922
PARTICLE 1 0.5 4.972299575805664 21.041545867919922
PARTICLE 1 0.5 5.972299575805664 21.041545867919922
PARTICLE 1 0.5 6.972299575805664 21.041545867919922
PARTICLE 1 0.5 7.972299575805664 21.041545867919922
PARTICLE 1 0.5 8.972299575805664 21.041545867919922
PARTICLE 1 0.5 9.972299575805664 21.041545867919922
PARTICLE 1 0.5 10.972299575805664 21.041545867919922
PARTICLE 1 0.5 11.972299575805664 21.041545867919922
PARTICLE 1 0.5 12.972299575805664 21.041545867919922
PARTICLE 1 0.5 13.972299575805664 21.041545867919922
PARTICLE 1 0.5 14.972299575805664 21.041545867919922
PARTICLE 1 0.5 -16.027700424194336 20.041545867919922
PARTICLE 1 0.5 -15.027700424194336 20.041545867919922
PARTICLE 1 0.5 -14.027700424194336 20.041545867919922
PARTICLE 1 0.5 -13.027700424194336 20.041545867919922
PARTICLE 1 0.5 -12.027700424194336 20.041545867919922
PARTICLE 1 0.5 -11.027700424194336 20.041545867919922
PARTICLE 1 0.5 -10.027700424194336 20.041545867919922
PARTICLE 1 0.5 -9.027700424194336 20.041545867919922
PARTICLE 1 0.5 -8.027700424194336 20.041545867919922
PARTICLE 1 0.5 -7.027700424194336 20.041545867919922
PARTICLE 1 0.5 -6.027700424194336 20.041545867919922
PARTICLE 1 0.5 -5.027700424194336 20.041545867919922
PARTICLE 1 0.5 -4.027700424194336 20.041545867919922
PARTICLE 1 0.5 -3.027700424194336 20.041545867919922
PARTICLE 1 0.5 -2.027700424194336 20.041545867919922
PARTICLE 1 0.5 -1.027700424194336 20.041545867919922
PARTICLE 1 0.5 -0.027700424194335938 20.041545867919922
PARTICLE 1 0.5 0.9722995758056641 20.041545867919922
PARTICLE 1 0.5 1.972299575805664 20.041545867919922
PARTICLE 1 0.5 2.972299575805664 20.041545867919922
PARTICLE 1 0.5 3.972299575805664 20.041545867919922
PARTICLE 1 0.5 4.972299575805664 20.041545867919922
PARTICLE 1 0.5 5.972299575805664 20.041545867919922
PARTICLE 1 0.5 6.972299575805664 20.041545867919922
PARTICLE 1 0.5 7.972299575805664 20.041545867919922
PARTICLE 1 0.5 8.972299575805664 20.041545867919922
PARTICLE 1 0.5 9.972299575805664 20.041545867919922
PARTICLE 1 0.5 10.972299575805664 20.041545867919922
PARTICLE 1 0.5 11.972299575805664 20.041545867919922
PARTICLE 1 0.5 12.972299575805664 20.041545867919922
PARTICLE 1 0.5 13.972299575805664 20.041545867919922
PARTICLE 1 0.5 14.972299575805664 20.041545867919922
PARTICLE 1 0.5 -7.979621887207031 18.580005645751953
PARTICLE 1 0.5 -6.979621887207031 18.580005645751953
PARTICLE 1 0.5 -5.979621887207031 18.580005645751953
PARTICLE 1 0.5 -4.979621887207031 18.580005645751953
PARTICLE 1 0.5 -3.9796218872070312 18.580005645751953
PARTICLE 1 0.5 -2.9796218872070312 18.580005645751953
PARTICLE 1 0.5 -1.9796218872070312 18.580005645751953
PARTICLE 1 0.5 -0.9796218872070312 18.580005645751953
PARTICLE 1 0.5 0.02037811279296875 18.580005645751953
PARTICLE 1 0.5 1.0203781127929688 18.580005645751953
PARTICLE 1 0.5 2.0203781127929688 18.580005645751953
PARTICLE 1 0.5 3.0203781127929688 18.580005645751953
PARTICLE 1 0.5 4.020378112792969 18.580005645751953
PARTICLE 1 0.5 5.020378112792969 18.580005645751953
PARTICLE 1 0.5 6.020378112792969 18.580005645751953
PARTICLE 1 0.5 -7.979621887207031 17.580005645751953
PARTICLE 1 0.5 -6.979621887207031 17.580005645751953
PARTICLE 1 0.5 -5.979621887207031 17.580005645751953
PARTICLE 1 0.5 -4.979621887207031 17.580005645751953
PARTICLE 1 0.5 -3.9796218872070312 17.580005645751953
PARTICLE 1 0.5 -2.9796218872070312 17.580005645751953
PARTICLE 1 0.5 -1.9796218872070312 17.580005645751953
PARTICLE 1 0.5 -0.9796218872070312 17.580005645751953
PARTICLE 1 0.5 0.02037811279296875 17.580005645751953
PARTICLE 1 0.5 1.0203781127929688 17.580005645751953
PARTICLE 1 0.5 2.0203781127929688 17.580005645751953
PARTICLE 1 0.5 3.0203781127929688 17.580005645751953
PARTICLE 1 0.5 4.020378112792969 17.580005645751953
PARTICLE 1 0.5 5.020378112792969 17.580005645751953
PARTICLE 1 0.5 6.020378112792969 17.580005645751953
PARTICLE 1 0.5 -7.979621887207031 16.580005645751953
PARTICLE 1 0.5 -6.979621887207031 16.580005645751953
PARTICLE 1 0.5 -5.979621887207031 16.580005645751953
PARTICLE 1 0.5 -4.979621887207031 16.580005645751953
PARTICLE 1 0.5 -3.9796218872070312 16.580005645751953
PARTICLE 1 0.5 -2.9796218872070312 16.580005645751953
PARTICLE 1 0.5 -1.9796218872070312 16.580005645751953
PARTICLE 1 0.5 -0.9796218872070312 16.580005645751953
PARTICLE 1 0.5 0.02037811279296875 16.580005645751953
PARTICLE 1 0.5 1.0203781127929688 16.580005645751953
PARTICLE 1 0.5 2.0203781127929688 16.580005645751953
PARTICLE 1 0.5 3.0203781127929688 16.580005645751953
PARTICLE 1 0.5 4.020378112792969 16.580005645751953
PARTICLE 1 0.5 5.020378112792969 16.580005645751953
PARTICLE 1 0.5 6.020378112792969 16.580005645751953
PARTICLE 1 0.5 -7.979621887207031 15.580005645751953
PARTICLE 1 0.5 -6.979621887207031 15.580005645751953
PARTICLE 1 0.5 -5.979621887207031 15.580005645751953
PARTICLE 1 0.5 -4.979621887207031 15.580005645751953
PARTICLE 1 0.5 -3.9796218872070312 15.580005645751953
PARTICLE 1 0.5 -2.9796218872070312 15.580005645751953
PARTICLE 1 0.5 -1.9796218872070312 15.580005645751953
PARTICLE 1 0.5 -0.9796218872070312 15.580005645751953
PARTICLE 1 0.5 0.02037811279296875 15.580005645751953
PARTICLE 1 0.5 1.0203781127929688 15.580005645751953
PARTICLE 1 0.5 2.0203781127929688 15.580005645751953
PARTICLE 1 0.5 3.0203781127929688 15.580005645751953
PARTICLE 1 0.5 4.020378112792969 15.580005645751953
PARTICLE 1 0.5 5.020378112792969 15.580005645751953
PARTICLE 1 0.5 6.020378112792969 15.580005645751953
PARTICLE 1 0.5 -7.979621887207031 14.580005645751953
PARTICLE 1 0.5 -6.979621887207031 14.580005645751953
PARTICLE 1 0.5 -5.979621887207031 14.580005645751953
PARTICLE 1 0.5 -4.979621887207031 14.580005645751953
PARTICLE 1 0.5 -3.9796218872070312 14.580005645751953
PARTICLE 1 0.5 -2.9796218872070312 14.580005645751953
PARTICLE 1 0.5 -1.9796218872070312 14.580005645751953
PARTICLE 1 0.5 -0.9796218872070312 14.580005645751953
PARTICLE 1 0.5 0.02037811279296875 14.580005645751953
PARTICLE 1 0.5 1.0203781127929688 14.580005645751953
PARTICLE 1 0.5 2.0203781127929688 14.580005645751953
PARTICLE 1 0.5 3.0203781127929688 14.580005645751953
PARTICLE 1 0.5 4.020378112792969 14.580005645751953
PARTICLE 1 0.5 5.020378112792969 14.580005645751953
PARTICLE 1 0.5 6.020378112792969 14.580005645751953
PARTICLE 1 0.5 -7.979621887207031 13.580005645751953
PARTICLE 1 0.5 -6.979621887207031 13.580005645751953
PARTICLE 1 0.5 -5.979621887207031 13.580005645751953
PARTICLE 1 0.5 -4.979621887207031 13.580005645751953
PARTICLE 1 0.5 -3.9796218872070312 13.580005645751953
PARTICLE 1 0.5 -2.9796218872070312 13.580005645751953
PARTICLE 1 0.5 -1.9796218872070312 13.580005645751953
PARTICLE 1 0.5 -0.9796218872070312 13.580005645751953
PARTICLE 1 0.5 0.02037811279296875 13.580005645751953
PARTICLE 1 0.5 1.0203781127929688 13.580005645751953
PARTICLE 1 0.5 2.0203781127929688 13.580005645751953
PARTICLE 1 0.5 3.0203781127929688 13.580005645751953
PARTICLE 1 0.5 4.020378112792969 13.580005645751953
PARTICLE 1 0.5 5.020378112792969 13.580005645751953
PARTICLE 1 0.5 6.020378112792969 13.580005645751953
PARTICLE 1 0.5 -3.970005989074707 12.320388793945312
PARTICLE 1 0.5 -2.970005989074707 12.320388793945312
PARTICLE 1 0.5 -1.9700061082839966 12.320388793945312
PARTICLE 1 0.5 -0.9700061082839966 12.320388793945312
PARTICLE 1 0.5 0.029993891716003418 12.320388793945312
PARTICLE 1 0.5 1.0299938917160034 12.320388793945312
PARTICLE 1 0.5 2.029994010925293 12.320388793945312
PARTICLE 1 0.5 -3.970005989074707 11.320388793945312
PARTICLE 1 0.5 -2.970005989074707 11.320388793945312
PARTICLE 1 0.5 -1.9700061082839966 11.320388793945312
PARTICLE 1 0.5 -0.9700061082839966 11.320388793945312
PARTICLE 1 0.5 0.029993891716003418 11.320388793945312
PARTICLE 1 0.5 1.0299938917160034 11.320388793945312
PARTICLE 1 0.5 2.029994010925293 11.320388793945312
PARTICLE 1 0.5 -3.970005989074707 10.320388793945312
PARTICLE 1 0.5 -2.970005989074707 10.320388793945312
PARTICLE 1 0.5 -1.9700061082839966 10.320388793945312
PARTICLE 1 0.5 -0.9700061082839966 10.320388793945312
PARTICLE 1 0.5 0.029993891716003418 10.320388793945312
PARTICLE 1 0.5 1.0299938917160034 10.320388793945312
PARTICLE 1 0.5 2.029994010925293 10.320388793945312
PARTICLE 1 0.5 -3.970005989074707 9.320388793945312
PARTICLE 1 0.5 -2.970005989074707 9.320388793945312
PARTICLE 1 0.5 -1.9700061082839966 9.320388793945312
PARTICLE 1 0.5 -0.9700061082839966 9.320388793945312
PARTICLE 1 0.5 0.029993891716003418 9.320388793945312
PARTICLE 1 0.5 1.0299938917160034 9.320388793945312
PARTICLE 1 0.5 2.029994010925293 9.320388793945312
PARTICLE 1 0.5 -3.970005989074707 8.320388793945312
PARTICLE 1 0.5 -2.970005989074707 8.320388793945312
PARTICLE 1 0.5 -1.9700061082839966 8.320388793945312
PARTICLE 1 0.5 -0.9700061082839966 8.320388793945312
PARTICLE 1 0.5 0.029993891716003418 8.320388793945312
PARTICLE 1 0.5 1.0299938917160034 8.320388793945312
PARTICLE 1 0.5 2.029994010925293 8.320388793945312
PARTICLE 1 0.5 -3.970005989074707 7.320389270782471
PARTICLE 1 0.5 -2.970005989074707 7.320389270782471
PARTICLE 1 0.5 -1.9700061082839966 7.320389270782471
PARTICLE 1 0.5 -0.9700061082839966 7.320389270782471
PARTICLE 1 0.5 0.029993891716003418 7.320389270782471
PARTICLE 1 0.5 1.0299938917160034 7.320389270782471
PARTICLE 1 0.5 2.029994010925293 7.320389270782471